depth	lamda	sigma18_hld	sigma18_hls	sigma18_bar	sigma18_gou	attenuation_hld	attenuation_hls	attenuation_bar	attenuation_gou
0	0.668	0	0	0	0	1	1	1	1
1.1	0.668	0.0351	0.0351	0.0351	0.0356	0.947	0.947	0.947	0.9455
1.65	0.663	0.0426	0.0426	0.0426	0.0417	0.9217	0.9217	0.9217	0.9249
2.2	0.657	0.0485	0.0485	0.0485	0.0435	0.898	0.898	0.898	0.9171
2.75	0.652	0.0534	0.0534	0.0534	0.0453	0.876	0.876	0.876	0.9091
3.3	0.647	0.0575	0.0575	0.0575	0.0471	0.8556	0.8556	0.8556	0.9007
3.85	0.642	0.061	0.061	0.061	0.0489	0.8368	0.8368	0.8368	0.8918
4.4	0.637	0.0641	0.0641	0.0641	0.0508	0.8188	0.8188	0.8188	0.882
4.95	0.632	0.0668	0.0668	0.0668	0.0528	0.8021	0.8021	0.8021	0.8713
5.5	0.627	0.0692	0.0692	0.0692	0.0549	0.7863	0.7863	0.7863	0.8596
6.05	0.622	0.0714	0.0714	0.0714	0.057	0.771	0.771	0.771	0.8472
6.6	0.617	0.0733	0.0733	0.0733	0.059	0.7568	0.7568	0.7568	0.8349
7.15	0.612	0.075	0.075	0.075	0.061	0.7435	0.7435	0.7435	0.8219
7.7	0.607	0.0766	0.0766	0.0766	0.0628	0.7303	0.7303	0.7303	0.8095
8.25	0.6028	0.0779	0.0779	0.0779	0.0646	0.7192	0.7192	0.7192	0.7972
8.8	0.598	0.0792	0.0792	0.0792	0.0663	0.7073	0.7073	0.7073	0.7846
9.35	0.593	0.0803	0.0803	0.0803	0.0678	0.6963	0.6963	0.6963	0.7726
9.9	0.589	0.0812	0.0812	0.0812	0.0694	0.6872	0.6872	0.6872	0.7603
10.45	0.584	0.0821	0.0821	0.0821	0.0708	0.677	0.677	0.677	0.7482
11	0.58	0.0829	0.0829	0.0829	0.0722	0.6681	0.6681	0.6681	0.7365
11.55	0.575	0.0835	0.0835	0.0835	0.0735	0.6595	0.6595	0.6595	0.7243
12.1	0.571	0.0841	0.0841	0.0841	0.0748	0.6517	0.6517	0.6517	0.7127
12.65	0.567	0.0846	0.0846	0.0846	0.076	0.6444	0.6444	0.6444	0.7014
13.2	0.5628	0.0851	0.0851	0.0851	0.0771	0.6368	0.6368	0.6368	0.6904
13.75	0.558	0.086	0.0863	0.086	0.0782	0.6257	0.6237	0.6257	0.6786
14.3	0.554	0.0871	0.0872	0.087	0.0793	0.6139	0.6132	0.6146	0.6673
14.85	0.55	0.0881	0.0882	0.088	0.0803	0.6026	0.6019	0.6033	0.6565
15.4	0.546	0.089	0.0891	0.0889	0.0812	0.5919	0.5912	0.5926	0.6462
15.95	0.542	0.0899	0.0901	0.0898	0.0821	0.581	0.5796	0.5817	0.6358
16.5	0.538	0.0908	0.0909	0.0906	0.083	0.5699	0.5692	0.5713	0.6251
17.05	0.534	0.0916	0.0917	0.0914	0.0839	0.5594	0.5587	0.5609	0.6143
17.6	0.53	0.0924	0.0925	0.0921	0.0847	0.5488	0.5481	0.551	0.604
18.16	0.527	0.0931	0.0933	0.0929	0.0854	0.5401	0.5387	0.5415	0.5955
18.7	0.523	0.0938	0.094	0.0935	0.0862	0.53	0.5285	0.5321	0.585
19.25	0.519	0.0945	0.0947	0.0942	0.0869	0.5197	0.5183	0.5219	0.575
19.8	0.516	0.0952	0.0953	0.0948	0.0875	0.5107	0.51	0.5136	0.5669
20.35	0.512	0.0958	0.0959	0.0954	0.0882	0.501	0.5003	0.5039	0.5567
20.9	0.508	0.0963	0.0965	0.096	0.0888	0.492	0.4905	0.4941	0.5471
21.45	0.505	0.0969	0.0971	0.0965	0.0894	0.4835	0.482	0.4864	0.5387
22	0.5018	0.0974	0.0976	0.0971	0.0899	0.4754	0.4739	0.4775	0.5307
22.55	0.498	0.0979	0.0981	0.0976	0.0905	0.4663	0.4649	0.4685	0.5211
23.1	0.495	0.0984	0.0986	0.0981	0.091	0.4584	0.4569	0.4606	0.5132
23.65	0.491	0.0988	0.099	0.0985	0.0914	0.4497	0.4482	0.4519	0.5046
24.19	0.488	0.0993	0.0994	0.0989	0.0919	0.4416	0.4409	0.4445	0.4966
24.75	0.485	0.0997	0.0998	0.0994	0.0923	0.4342	0.4335	0.4364	0.4892
25.3	0.482	0.1	0.1002	0.0998	0.0927	0.4276	0.4261	0.429	0.4819
25.85	0.479	0.1004	0.1006	0.1001	0.0931	0.4201	0.4187	0.4223	0.4744
26.4	0.475	0.1007	0.1009	0.1005	0.0935	0.4118	0.4104	0.4133	0.4654
26.95	0.472	0.101	0.1012	0.1008	0.0938	0.405	0.4036	0.4065	0.4586
27.5	0.469	0.1013	0.1015	0.1012	0.0941	0.3982	0.3967	0.3989	0.4517
28.05	0.466	0.1016	0.1018	0.1015	0.0945	0.3913	0.3898	0.392	0.4441
28.6	0.463	0.1019	0.1021	0.1018	0.0947	0.3844	0.3829	0.3851	0.4379
29.15	0.461	0.1021	0.1023	0.102	0.095	0.3798	0.3783	0.3805	0.4325
29.7	0.458	0.1024	0.1026	0.1023	0.0953	0.3728	0.3714	0.3735	0.4254
30.25	0.455	0.1026	0.1028	0.1025	0.0955	0.3665	0.3651	0.3672	0.4191
30.8	0.452	0.1028	0.103	0.1028	0.0957	0.3602	0.3588	0.3602	0.4128
31.35	0.449	0.103	0.1032	0.103	0.0959	0.3539	0.3525	0.3539	0.4064
31.9	0.447	0.1031	0.1033	0.1032	0.0961	0.3499	0.3485	0.3492	0.4016
32.45	0.444	0.1033	0.1035	0.1034	0.0962	0.3435	0.3421	0.3428	0.3959
33	0.4418	0.1034	0.1036	0.1036	0.0964	0.3392	0.3378	0.3378	0.3907
33.55	0.439	0.1036	0.1038	0.1037	0.0965	0.3331	0.3317	0.3324	0.3853
34.1	0.436	0.1037	0.1039	0.1039	0.0966	0.3274	0.326	0.326	0.3795
34.65	0.434	0.1038	0.104	0.104	0.0967	0.3233	0.3219	0.3219	0.3753
35.2	0.431	0.1039	0.1041	0.1042	0.0968	0.3176	0.3162	0.3155	0.3695
35.75	0.429	0.1039	0.1042	0.1043	0.0969	0.3142	0.3121	0.3114	0.3653
36.3	0.427	0.104	0.1043	0.1044	0.097	0.3101	0.308	0.3073	0.3611
36.85	0.424	0.1041	0.1043	0.1045	0.097	0.3043	0.3029	0.3015	0.3559
37.4	0.422	0.1041	0.1044	0.1045	0.0971	0.3008	0.2988	0.2981	0.3517
37.95	0.42	0.1042	0.1044	0.1046	0.0971	0.2967	0.2953	0.294	0.3482
38.5	0.4178	0.1042	0.1044	0.1047	0.0971	0.2929	0.2916	0.2895	0.3443
39.05	0.415	0.1042	0.1045	0.1047	0.0971	0.2881	0.286	0.2847	0.3394
39.6	0.413	0.1042	0.1045	0.1048	0.0971	0.2846	0.2826	0.2805	0.3358
40.15	0.411	0.1042	0.1045	0.1048	0.0971	0.2812	0.2791	0.2771	0.3323
40.7	0.409	0.1042	0.1045	0.1048	0.097	0.2777	0.2757	0.2736	0.3295
41.25	0.407	0.1042	0.1045	0.1048	0.097	0.2742	0.2722	0.2702	0.3259
41.8	0.405	0.1042	0.1044	0.1048	0.0969	0.2707	0.2694	0.2667	0.323
42.35	0.403	0.1042	0.1044	0.1048	0.0969	0.2672	0.2659	0.2632	0.3194
42.9	0.401	0.1041	0.1044	0.1048	0.0968	0.2644	0.2624	0.2597	0.3166
43.45	0.399	0.1041	0.1043	0.1048	0.0967	0.2609	0.2595	0.2562	0.3137
44	0.397	0.104	0.1043	0.1047	0.0966	0.258	0.256	0.2534	0.3108
44.55	0.395	0.104	0.1042	0.1047	0.0965	0.2545	0.2532	0.2499	0.3079
45.1	0.393	0.1039	0.1042	0.1047	0.0964	0.2517	0.2497	0.2464	0.3049
45.65	0.392	0.1039	0.1041	0.1046	0.0963	0.2499	0.2486	0.2453	0.3038
46.2	0.39	0.1038	0.104	0.1045	0.0961	0.247	0.2457	0.2424	0.3016
46.75	0.388	0.1037	0.104	0.1044	0.096	0.2441	0.2422	0.2395	0.2987
47.3	0.386	0.1036	0.1039	0.1044	0.0959	0.2413	0.2393	0.236	0.2957
47.85	0.385	0.1035	0.1038	0.1043	0.0957	0.2401	0.2382	0.2349	0.2953
48.4	0.383	0.1034	0.1037	0.1042	0.0955	0.2372	0.2353	0.232	0.2931
48.95	0.3818	0.1033	0.1036	0.1041	0.0954	0.2358	0.2338	0.2305	0.2916
49.5	0.38	0.1032	0.1035	0.104	0.0952	0.2332	0.2312	0.228	0.2897
50.05	0.378	0.1031	0.1034	0.1038	0.095	0.2303	0.2283	0.2257	0.2874
50.6	0.377	0.103	0.1033	0.1037	0.0948	0.2291	0.2272	0.2246	0.287
51.15	0.375	0.1029	0.1032	0.1036	0.0946	0.2262	0.2243	0.2217	0.2847
51.7	0.374	0.1028	0.1031	0.1034	0.0944	0.2251	0.2231	0.2212	0.2843
52.25	0.372	0.1027	0.1029	0.1033	0.0942	0.2221	0.2208	0.2183	0.282
52.8	0.371	0.1025	0.1028	0.1031	0.094	0.2216	0.2197	0.2178	0.2816
53.35	0.37	0.1024	0.1027	0.103	0.0938	0.2205	0.2185	0.2166	0.2812
53.9	0.368	0.1023	0.1025	0.1028	0.0936	0.2175	0.2162	0.2143	0.2789
54.45	0.367	0.1021	0.1024	0.1026	0.0934	0.217	0.2151	0.2138	0.2785
55	0.366	0.102	0.1023	0.1025	0.0931	0.2159	0.2139	0.2126	0.2788
55.55	0.364	0.1018	0.1021	0.1023	0.0929	0.2135	0.2116	0.2103	0.2764
56.1	0.363	0.1017	0.102	0.1021	0.0927	0.2124	0.2104	0.2098	0.276
56.65	0.362	0.1016	0.1018	0.1019	0.0924	0.2112	0.2099	0.2093	0.2764
57.2	0.361	0.1014	0.1017	0.1017	0.0922	0.2107	0.2088	0.2088	0.2759
57.75	0.3598	0.1012	0.1015	0.1015	0.0919	0.2098	0.2079	0.2079	0.2759
58.3	0.358	0.1011	0.1014	0.1013	0.0917	0.2072	0.2052	0.2059	0.2739
58.85	0.357	0.1009	0.1012	0.1011	0.0914	0.2066	0.2047	0.2053	0.2742
59.4	0.356	0.1008	0.1011	0.1008	0.0911	0.2055	0.2035	0.2055	0.2746
59.95	0.355	0.1006	0.1009	0.1006	0.0909	0.2049	0.203	0.2049	0.2741
60.5	0.354	0.1004	0.1007	0.1004	0.0906	0.2044	0.2024	0.2044	0.2745
61.05	0.353	0.1003	0.1006	0.1002	0.0903	0.2032	0.2013	0.2038	0.2748
61.6	0.352	0.1001	0.1004	0.0999	0.0901	0.2026	0.2007	0.2039	0.2744
62.14	0.351	0.0999	0.1002	0.0997	0.0898	0.2021	0.2002	0.2034	0.2747
62.7	0.35	0.0998	0.1001	0.0994	0.0895	0.2009	0.199	0.2035	0.2751
63.25	0.349	0.0996	0.0999	0.0992	0.0893	0.2004	0.1984	0.203	0.2746
63.8	0.348	0.0994	0.0997	0.0989	0.089	0.1998	0.1979	0.2031	0.275
64.35	0.347	0.0993	0.0995	0.0987	0.0888	0.1986	0.1973	0.2025	0.2745
64.9	0.346	0.0991	0.0994	0.0984	0.0885	0.198	0.1961	0.2026	0.2749
65.45	0.345	0.0989	0.0992	0.0982	0.0882	0.1975	0.1955	0.202	0.2752
66	0.344	0.0987	0.099	0.0979	0.088	0.1969	0.195	0.2022	0.2748
66.55	0.344	0.0985	0.0988	0.0976	0.0878	0.1982	0.1963	0.2041	0.2764
67.1	0.343	0.0984	0.0987	0.0974	0.0877	0.197	0.1951	0.2036	0.2751
67.65	0.342	0.0982	0.0985	0.0971	0.0875	0.1964	0.1945	0.2037	0.2747
68.2	0.341	0.098	0.0983	0.0968	0.0873	0.1959	0.1939	0.2038	0.2742
68.75	0.34	0.0978	0.0981	0.0965	0.0872	0.1953	0.1933	0.2039	0.273
69.3	0.34	0.0977	0.0979	0.0963	0.087	0.1959	0.1946	0.2053	0.2746
69.85	0.339	0.0975	0.0978	0.096	0.0868	0.1954	0.1934	0.2054	0.2741
70.4	0.338	0.0973	0.0976	0.0958	0.0867	0.1948	0.1928	0.2048	0.2729
70.95	0.338	0.0971	0.0974	0.0955	0.0865	0.1961	0.1941	0.2068	0.2745
71.5	0.337	0.0969	0.0972	0.0953	0.0864	0.1955	0.1936	0.2063	0.2732
72.05	0.336	0.0968	0.097	0.0951	0.0862	0.1943	0.193	0.2057	0.2728
72.6	0.336	0.0966	0.0969	0.0948	0.0861	0.1956	0.1936	0.2078	0.2736
73.15	0.335	0.0964	0.0967	0.0946	0.086	0.195	0.1931	0.2072	0.2723
73.7	0.334	0.0963	0.0965	0.0944	0.0858	0.1938	0.1925	0.2066	0.2718
74.25	0.334	0.0961	0.0964	0.0942	0.0857	0.1951	0.1931	0.208	0.2727
74.8	0.333	0.0959	0.0962	0.0939	0.0856	0.1945	0.1926	0.2081	0.2714
75.35	0.333	0.0958	0.0961	0.0937	0.0854	0.1952	0.1932	0.2095	0.273
75.9	0.332	0.0956	0.0959	0.0935	0.0853	0.1946	0.1926	0.209	0.2717
76.45	0.331	0.0955	0.0957	0.0933	0.0852	0.1934	0.192	0.2084	0.2704
77	0.331	0.0953	0.0956	0.0931	0.0851	0.1947	0.1927	0.2098	0.2712
77.55	0.33	0.0952	0.0954	0.0929	0.085	0.1934	0.1921	0.2092	0.2699
78.1	0.33	0.095	0.0953	0.0927	0.0848	0.1948	0.1928	0.2106	0.2716
78.65	0.329	0.0949	0.0952	0.0925	0.0847	0.1935	0.1915	0.2101	0.2703
79.2	0.329	0.0947	0.095	0.0923	0.0846	0.1949	0.1929	0.2115	0.2711
79.75	0.328	0.0946	0.0949	0.0921	0.0845	0.1936	0.1916	0.2109	0.2698
80.3	0.328	0.0945	0.0947	0.0919	0.0844	0.1943	0.1929	0.2123	0.2706
80.85	0.327	0.0943	0.0946	0.0917	0.0843	0.1937	0.1917	0.2118	0.2693
81.4	0.327	0.0942	0.0945	0.0916	0.0842	0.1944	0.1923	0.2125	0.2702
81.95	0.326	0.0941	0.0943	0.0914	0.0841	0.1931	0.1917	0.2119	0.2688
82.5	0.326	0.0939	0.0942	0.0912	0.084	0.1944	0.1924	0.2133	0.2697
83.05	0.326	0.0938	0.0941	0.0911	0.0839	0.1951	0.1931	0.2141	0.2705
83.6	0.325	0.0937	0.094	0.0909	0.0838	0.1938	0.1918	0.2135	0.2692
84.15	0.325	0.0936	0.0938	0.0907	0.0837	0.1945	0.1932	0.2149	0.27
84.7	0.324	0.0934	0.0937	0.0906	0.0837	0.1939	0.1919	0.2136	0.2679
85.25	0.324	0.0933	0.0936	0.0904	0.0836	0.1946	0.1926	0.2151	0.2687
85.8	0.324	0.0932	0.0935	0.0903	0.0835	0.1953	0.1932	0.2158	0.2695
86.35	0.323	0.0931	0.0933	0.0901	0.0834	0.194	0.1926	0.2153	0.2682
86.9	0.323	0.093	0.0932	0.09	0.0833	0.1947	0.1933	0.216	0.2691
87.45	0.322	0.0929	0.0931	0.0898	0.0833	0.1934	0.192	0.2154	0.2669
88	0.322	0.0928	0.093	0.0897	0.0832	0.1941	0.1927	0.2161	0.2677
88.55	0.322	0.0926	0.0929	0.0896	0.0831	0.1955	0.1934	0.2169	0.2686
89.1	0.321	0.0925	0.0928	0.0894	0.083	0.1942	0.1921	0.2163	0.2672
89.65	0.321	0.0924	0.0927	0.0893	0.083	0.1948	0.1928	0.217	0.2672
90.2	0.321	0.0923	0.0926	0.0892	0.0829	0.1955	0.1935	0.2178	0.2681
90.74	0.32	0.0922	0.0925	0.0891	0.0828	0.1942	0.1922	0.2165	0.2667
91.3	0.32	0.0921	0.0924	0.089	0.0828	0.1949	0.1929	0.2172	0.2667
91.85	0.32	0.092	0.0923	0.0888	0.0827	0.1956	0.1935	0.2187	0.2676
92.4	0.319	0.0919	0.0922	0.0887	0.0826	0.1943	0.1922	0.2174	0.2662
92.95	0.319	0.0918	0.0921	0.0886	0.0826	0.195	0.1929	0.2181	0.2662
93.5	0.319	0.0917	0.092	0.0885	0.0825	0.1957	0.1936	0.2189	0.2671
94.05	0.318	0.0916	0.0919	0.0884	0.0825	0.1944	0.1923	0.2175	0.2649
94.6	0.318	0.0916	0.0918	0.0883	0.0824	0.1944	0.193	0.2183	0.2657
95.15	0.318	0.0915	0.0917	0.0882	0.0824	0.1951	0.1937	0.219	0.2657
95.7	0.317	0.0914	0.0916	0.0881	0.0823	0.1938	0.1924	0.2177	0.2643
96.25	0.317	0.0913	0.0915	0.088	0.0823	0.1945	0.1931	0.2185	0.2643
96.8	0.317	0.0912	0.0914	0.0879	0.0822	0.1952	0.1938	0.2192	0.2652
97.35	0.317	0.0911	0.0913	0.0879	0.0822	0.1959	0.1945	0.2192	0.2652
97.9	0.316	0.091	0.0913	0.0878	0.0821	0.1946	0.1925	0.2179	0.2638
98.45	0.316	0.0909	0.0912	0.0877	0.0821	0.1953	0.1932	0.2186	0.2638
99	0.316	0.0909	0.0911	0.0876	0.082	0.1953	0.1939	0.2194	0.2647
99.55	0.315	0.0908	0.091	0.0875	0.082	0.194	0.1926	0.218	0.2625
100.1	0.315	0.0907	0.0909	0.0875	0.0819	0.1947	0.1933	0.218	0.2633
100.65	0.315	0.0906	0.0909	0.0874	0.0819	0.1954	0.1933	0.2188	0.2633
101.2	0.314	0.0905	0.0908	0.0873	0.0818	0.194	0.1919	0.2174	0.2619
101.75	0.314	0.0905	0.0907	0.0873	0.0818	0.194	0.1926	0.2174	0.2619
102.3	0.314	0.0904	0.0906	0.0872	0.0818	0.1947	0.1933	0.2182	0.2619
102.85	0.313	0.0903	0.0906	0.0871	0.0817	0.1934	0.1913	0.2169	0.2606
103.4	0.313	0.0902	0.0905	0.0871	0.0817	0.1941	0.192	0.2169	0.2606
103.95	0.313	0.0902	0.0904	0.087	0.0817	0.1941	0.1927	0.2176	0.2606
104.5	0.312	0.0901	0.0903	0.087	0.0816	0.1928	0.1914	0.2155	0.2592
105.05	0.312	0.09	0.0903	0.0869	0.0816	0.1935	0.1914	0.2163	0.2592
105.6	0.312	0.09	0.0902	0.0868	0.0816	0.1935	0.1921	0.217	0.2592
106.15	0.311	0.0899	0.0901	0.0868	0.0815	0.1922	0.1908	0.2149	0.2578
106.7	0.311	0.0898	0.0901	0.0867	0.0815	0.1929	0.1908	0.2157	0.2578
107.25	0.311	0.0898	0.09	0.0867	0.0815	0.1929	0.1915	0.2157	0.2578
107.8	0.31	0.0897	0.0899	0.0867	0.0814	0.1915	0.1901	0.2135	0.2564
108.35	0.31	0.0896	0.0899	0.0866	0.0814	0.1922	0.1901	0.2143	0.2564
108.9	0.309	0.0896	0.0898	0.0866	0.0814	0.1902	0.1888	0.2122	0.2542
109.45	0.309	0.0895	0.0897	0.0865	0.0813	0.1909	0.1895	0.2129	0.255
110	0.309	0.0895	0.0897	0.0865	0.0813	0.1909	0.1895	0.2129	0.255
110.55	0.308	0.0894	0.0896	0.0864	0.0813	0.1896	0.1882	0.2115	0.2528
111.12	0.308	0.0893	0.0896	0.0864	0.0813	0.1903	0.1882	0.2115	0.2528
111.65	0.307	0.0893	0.0895	0.0864	0.0812	0.1882	0.1868	0.2094	0.2513
112.22	0.307	0.0892	0.0894	0.0863	0.0812	0.1889	0.1875	0.2102	0.2513
112.75	0.307	0.0892	0.0894	0.0863	0.0812	0.1889	0.1875	0.2102	0.2513
113.3	0.306	0.0891	0.0893	0.0863	0.0812	0.1876	0.1862	0.208	0.2491
113.85	0.306	0.0891	0.0893	0.0862	0.0811	0.1876	0.1862	0.2088	0.2499
114.38	0.305	0.089	0.0892	0.0862	0.0811	0.1862	0.1848	0.2067	0.2477
114.95	0.305	0.089	0.0892	0.0862	0.0811	0.1862	0.1848	0.2067	0.2477
115.49	0.304	0.0889	0.0891	0.0862	0.0811	0.1849	0.1835	0.2045	0.2454
116.05	0.304	0.0889	0.0891	0.0861	0.081	0.1849	0.1835	0.2053	0.2463
116.6	0.303	0.0888	0.089	0.0861	0.081	0.1835	0.1821	0.2031	0.244
117.15	0.303	0.0888	0.089	0.0861	0.081	0.1835	0.1821	0.2031	0.244
117.71	0.302	0.0887	0.0889	0.0861	0.081	0.1822	0.1808	0.201	0.2417
118.25	0.3018	0.0887	0.0889	0.086	0.081	0.1818	0.1804	0.2013	0.2413
118.82	0.301	0.0886	0.0888	0.086	0.0809	0.1808	0.1794	0.1996	0.2403
119.35	0.3	0.0886	0.0888	0.086	0.0809	0.1788	0.1774	0.1975	0.238
119.9	0.3	0.0885	0.0887	0.086	0.0809	0.1795	0.1781	0.1975	0.238
120.45	0.299	0.0885	0.0887	0.0859	0.0809	0.1774	0.176	0.1961	0.2357
120.97	0.299	0.0884	0.0886	0.0859	0.0809	0.1781	0.1767	0.1961	0.2357
121.55	0.298	0.0884	0.0886	0.0859	0.0809	0.176	0.1747	0.194	0.2335
122.1	0.297	0.0883	0.0886	0.0859	0.0808	0.1747	0.1726	0.1918	0.232
122.65	0.297	0.0883	0.0885	0.0859	0.0808	0.1747	0.1733	0.1918	0.232
123.2	0.296	0.0883	0.0885	0.0859	0.0808	0.1726	0.1713	0.1897	0.2297
123.75	0.295	0.0882	0.0884	0.0859	0.0808	0.1713	0.1699	0.1876	0.2274
124.3	0.294	0.0882	0.0884	0.0858	0.0808	0.1692	0.1679	0.1862	0.2252
124.85	0.294	0.0881	0.0883	0.0858	0.0808	0.1699	0.1685	0.1862	0.2252
125.4	0.293	0.0881	0.0883	0.0858	0.0807	0.1679	0.1665	0.184	0.2237
125.95	0.292	0.0881	0.0883	0.0858	0.0807	0.1658	0.1645	0.1819	0.2214
126.5	0.291	0.088	0.0882	0.0858	0.0807	0.1645	0.1631	0.1798	0.2191
127.05	0.291	0.088	0.0882	0.0858	0.0807	0.1645	0.1631	0.1798	0.2191
127.6	0.29	0.0879	0.0882	0.0858	0.0807	0.1631	0.1611	0.1777	0.2168
128.15	0.289	0.0879	0.0881	0.0858	0.0807	0.161	0.1597	0.1755	0.2146

