depth	d18O
1.16	-31.1
1.242	-33.96
1.324	-35.68
1.405	-39.11
1.485	-34.2
1.566	-31.21
1.646	-31.9
1.726	-36.16
1.807	-33.89
1.887	-30.61
1.968	-29.39
2.047	-33.76
2.126	-37.17
2.205	-35.9
2.284	-41.61
2.363	-43.15
2.442	-36.85
2.521	-34.76
2.6	-31.88
2.677	-34.76
2.755	-37.14
2.832	-35.45
2.91	-33.66
2.988	-30.19
3.065	-26.34
3.143	-28.22
3.22	-30.69
3.296	-29.91
3.373	-33
3.449	-38.71
3.525	-39.7
3.601	-35.35
3.677	-30.59
3.754	-26.99
3.83	-27.36
3.905	-31.01
3.98	-34.14
4.054	-37.22
4.129	-37.16
4.204	-37
4.279	-36.98
4.354	-35.09
4.429	-32.11
4.502	-32.76
4.576	-35.41
4.65	-36.62
4.723	-36.75
4.797	-35.85
4.87	-33.33
4.944	-29.26
5.017	-28.45
5.09	-31.58
5.162	-34.29
5.235	-35.74
5.307	-35.85
5.379	-34.65
5.452	-33.54
5.524	-31.27
5.596	-29.65
5.667	-28.97
5.739	-29.67
5.81	-32.53
5.881	-34.81
5.952	-34.97
6.023	-33.74
6.094	-32.13
6.165	-31.29
6.235	-29.43
6.305	-29.17
6.375	-31.87
6.445	-34.67
6.515	-36.29
6.585	-35.98
6.655	-35.69
6.725	-34.49
6.794	-31.88
6.863	-30.07
6.932	-30.39
7.001	-31.61
7.069	-32.89
7.138	-33.87
7.207	-35.94
7.276	-37.57
7.344	-37.47
7.412	-34.91
7.479	-31.22
7.547	-29.89
7.615	-30.68
7.683	-32.89
7.75	-35.4
7.818	-36.41
7.885	-34.95
7.952	-31.5
8.018	-29.58
8.085	-31.27
8.152	-34.69
8.218	-37.65
8.285	-38.63
8.352	-37.6
8.418	-35.71
8.483	-32.82
8.549	-30.89
8.615	-29.86
8.68	-30.64
8.746	-32.59
8.812	-33.77
8.877	-34.06
8.942	-34.56
9.007	-35.13
9.072	-35.27
9.136	-34
9.201	-30.08
9.266	-28.92
9.33	-31.46
9.395	-33.97
9.459	-34.43
9.523	-34.61
9.586	-34.29
9.65	-32.12
9.714	-29.83
9.778	-29.91
9.841	-33.08
9.905	-35.9
9.968	-37.09
10.031	-37.78
10.094	-36.72
10.157	-32.81
10.219	-28.88
10.282	-26.65
10.345	-27.23
10.408	-29.48
10.47	-32.44
10.532	-33.01
10.594	-32.4
10.656	-31.19
10.718	-30.52
10.78	-31.13
10.842	-32.97
10.904	-36.07
10.965	-37.43
11.026	-36.03
11.087	-33.31
11.148	-32.08
11.209	-31.79
11.27	-31.84
11.331	-33.24
11.392	-34.55
11.452	-34.9
11.513	-33.69
11.573	-31.57
11.633	-31.91
11.693	-33.93
11.754	-35.48
11.814	-35.78
11.874	-34.56
11.934	-32.5
11.994	-30.66
12.053	-30.78
12.113	-31.76
12.173	-31.9
12.232	-32.19
12.292	-33.29
12.352	-33.42
12.411	-32.45
12.47	-31.18
12.53	-29.72
12.589	-29.8
12.648	-30.34
12.708	-32.04
12.767	-34
12.826	-34.96
12.886	-33.75
12.945	-32.28
13.004	-31.07
13.063	-30.12
13.122	-30.67
13.181	-31.72
13.24	-33.44
13.299	-34.84
13.358	-35.13
13.417	-33.48
13.476	-31.33
13.535	-30.9
13.594	-32.22
13.652	-34.67
13.711	-35.45
13.77	-35.11
13.829	-33.8
13.887	-32.42
13.946	-31.12
14.005	-30.1
14.063	-30.29
14.122	-32.06
14.181	-33.71
14.239	-34.24
14.298	-33.52
14.356	-32.21
14.414	-31.36
14.473	-31.2
14.531	-31.86
14.589	-32.72
14.648	-32.32
14.706	-33.58
14.764	-33.78
14.822	-33.82
14.881	-32.76
14.939	-31.98
14.997	-31.67
15.055	-31.43
15.113	-32.36
15.171	-33.51
15.229	-34.82
15.287	-35.35
15.345	-34.87
15.403	-34.33
15.461	-33.51
15.519	-32.57
15.577	-31.75
15.635	-31.15
15.692	-31.6
15.75	-32.97
15.808	-34.33
15.865	-34.92
15.923	-34.76
15.981	-33.58
16.038	-31.72
16.096	-30.5
16.153	-30.16
16.211	-31.01
16.268	-32.94
16.326	-34.87
16.383	-35.93
16.441	-36.04
16.498	-35.34
16.556	-34.28
16.613	-33.07
16.67	-32.51
16.727	-33.42
16.784	-35.66
16.842	-38.31
16.899	-39.2
16.956	-38
17.013	-36.33
17.07	-34.58
17.127	-32.94
17.184	-31.57
17.241	-31.79
17.298	-33.39
17.355	-35.46
17.412	-36.8
17.469	-37.02
17.526	-36.24
17.583	-31.58
17.639	-31.73
17.696	-34.43
17.753	-32.18
17.81	-33.34
17.867	-34.25
17.923	-34.84
17.98	-34.42
18.036	-33.28
18.093	-32.4
18.149	-30.37
18.206	-29.42
18.263	-28.75
18.319	-29.35
18.376	-30.68
18.432	-32.63
18.488	-33.78
18.545	-33.92
18.601	-33.18
18.657	-31.79
18.714	-30.71
18.77	-31.28
18.826	-32.9
18.882	-35.06
18.938	-36.37
18.995	-36.48
19.051	-35.49
19.107	-33.37
19.163	-32.07
19.219	-32.47
19.275	-33.86
19.331	-35.41
19.387	-35.49
19.443	-34.19
19.499	-32.31
19.555	-32.18
19.61	-33.78
19.666	-35.53
19.722	-36.2
19.778	-35.74
19.834	-34.05
19.889	-32.16
19.945	-31.48
20.001	-31.96
20.056	-33.8
20.112	-35.57
20.168	-35.71
20.223	-35.08
20.279	-34.24
20.334	-33.48
20.39	-32.26
20.445	-30.89
20.501	-30.8
20.556	-31.81
20.611	-33.03
20.667	-34.09
20.722	-33.43
20.777	-32.08
20.832	-30.32
20.888	-29.48
20.943	-29.5
20.998	-30.15
21.054	-31.13
21.109	-32.08
21.164	-32.43
21.219	-31.77
21.274	-30.88
21.329	-30.73
21.384	-30.92
21.439	-30.9
21.494	-31.44
21.549	-32.64
21.604	-33.51
21.659	-33.28
21.713	-32.52
21.768	-31.98
21.823	-31.7
21.878	-31.4
21.933	-30.89
21.987	-30.39
22.042	-30.01
22.097	-30.52
22.151	-32.11
22.206	-34.17
22.261	-35.67
22.315	-35.68
22.37	-34.8
22.424	-34.01
22.479	-33
22.533	-32.61
22.588	-33.05
22.642	-33.82
22.697	-34.21
22.751	-33.91
22.806	-33.82
22.86	-33.4
22.914	-32.41
22.968	-31.29
23.023	-30.61
23.077	-31.82
23.131	-34.21
23.185	-36.5
23.24	-37.1
23.294	-36.47
23.348	-35.07
23.402	-33.42
23.456	-31.88
23.51	-31.25
23.564	-31.79
23.618	-32.92
23.672	-34.01
23.726	-34.45
23.78	-33.94
23.834	-32.5
23.888	-31.07
23.941	-29.92
23.995	-29.46
24.049	-29.64
24.103	-30.35
24.157	-31.55
24.21	-32.44
24.264	-32.74
24.318	-32
24.371	-31.28
24.425	-30.86
24.479	-30.41
24.532	-30.18
24.586	-30.76
24.639	-32.03
24.693	-33.2
24.746	-33.92
24.8	-33.5
24.853	-32.64
24.907	-31.81
24.96	-31.14
25.014	-30.39
25.067	-30.13
25.12	-30.33
25.173	-31.17
25.227	-32.67
25.28	-34.14
25.333	-35.03
25.387	-34.86
25.44	-34.01
25.493	-33.1
25.546	-32.2
25.599	-31.96
25.652	-32.59
25.705	-33.6
25.758	-34.47
25.811	-35.13
25.864	-35.27
25.917	-34.75
25.97	-33.93
26.023	-33.2
26.076	-33.05
26.129	-34.13
26.182	-35.99
26.235	-37.28
26.288	-37.9
26.34	-37.32
26.393	-35.25
26.446	-32.74
26.498	-30.76
26.551	-30.23
26.604	-30.81
26.657	-32.2
26.709	-33.9
26.762	-34.48
26.814	-34.3
26.867	-33.17
26.92	-32.25
26.972	-32.09
27.025	-32.11
27.077	-32.33
27.13	-32.16
27.182	-31.55
27.234	-30.45
27.287	-29.5
27.339	-29.06
27.391	-29.58
27.444	-31.17
27.496	-32.64
27.548	-33.79
27.601	-33.73
27.653	-33.77
27.705	-33.01
27.757	-32.44
27.809	-31.81
27.862	-31.14
27.914	-30.27
27.966	-29.53
28.018	-29.82
28.07	-31.09
28.122	-33.16
28.174	-35.29
28.226	-36.08
28.278	-35.87
28.33	-34.4
28.382	-32.61
28.434	-30.66
28.486	-29.3
28.538	-28.48
28.589	-28.11
28.641	-28.52
28.693	-29.51
28.745	-31.12
28.797	-32.18
28.848	-32.41
28.9	-32.06
28.952	-31.92
29.003	-32.21
29.055	-33.22
29.107	-33.98
29.158	-34.06
29.21	-33.37
29.261	-32.25
29.313	-31.88
29.365	-31.5
29.416	-32.71
29.468	-33.79
29.519	-34.65
29.571	-34.89
29.622	-34.53
29.673	-33.6
29.725	-32.08
29.776	-30.79
29.827	-30.59
29.879	-31.01
29.93	-32.23
29.981	-33.56
30.033	-34.46
30.084	-34.56
30.135	-34.29
30.186	-34.27
30.237	-34.68
30.288	-35.07
30.34	-34.7
30.391	-33.68
30.442	-32.41
30.493	-30.69
30.544	-29.77
30.595	-29.73
30.646	-31.25
30.697	-33.34
30.748	-35.08
30.799	-35.83
30.85	-35.04
30.901	-34.21
30.952	-33.04
31.002	-33.05
31.053	-33.57
31.104	-33.97
31.155	-34.3
31.206	-34.07
31.256	-33.82
31.307	-34.11
31.358	-34.62
31.409	-35.36
31.459	-36.05
31.51	-35.92
31.561	-35.26
31.611	-34.34
31.662	-33.9
31.712	-33.75
31.763	-34.39
31.813	-35.37
31.864	-36.31
31.915	-37.57
31.965	-37.69
32.016	-36.61
32.066	-34.86
32.116	-33.44
32.167	-32.79
32.217	-33.21
32.267	-34.33
32.318	-34.9
32.368	-35.37
32.419	-34.87
32.469	-34.25
32.519	-33.37
32.569	-33.05
32.619	-33.46
32.67	-34.36
32.72	-35.63
32.77	-36.12
32.82	-35.71
32.87	-34.65
32.92	-33.27
32.97	-32.52
33.021	-32.74
33.071	-33.53
33.121	-34.27
33.171	-34.35
33.221	-34.1
33.271	-33.69
33.321	-33.12
33.371	-32.73
33.42	-32.45
33.47	-32.5
33.52	-33.51
33.57	-34.53
33.62	-35.52
33.67	-35.19
33.72	-34.16
33.769	-33.11
33.819	-32.15
33.869	-32.02
33.919	-32.67
33.968	-33.54
34.018	-33.87
34.068	-33.45
34.117	-32.67
34.167	-32.21
34.217	-32.67
34.266	-33.53
34.316	-34.41
34.365	-34.83
34.415	-34.34
34.464	-33.37
34.514	-32.79
34.563	-32.74
34.613	-33.02
34.662	-32.93
34.712	-32.86
34.761	-32.19
34.811	-31.17
34.86	-30.85
34.909	-30.26
34.959	-30.24
35.008	-30.7
35.057	-31.34
35.107	-32.45
35.156	-32.65
35.205	-32.71
35.254	-32.84
35.304	-33.07
35.353	-33.83
35.402	-34.64
35.451	-35.67
35.5	-36.42
35.549	-36.41
35.599	-35.38
35.648	-33.97
35.697	-32.5
35.746	-31.61
35.795	-31.98
35.844	-33.28
35.893	-34.83
35.942	-35.91
35.991	-36.05
36.04	-35.63
36.088	-34.49
36.137	-33.45
36.186	-33.16
36.235	-33.26
36.284	-33.99
36.333	-35.31
36.382	-36.34
36.43	-36.38
36.479	-35.9
36.528	-34.58
36.577	-33.34
36.625	-32.81
36.674	-32.74
36.723	-33.78
36.772	-34.83
36.82	-35.13
36.869	-35.02
36.917	-34.29
36.966	-33.42
37.015	-32.59
37.063	-32
37.112	-31.73
37.16	-31.76
37.209	-31.98
37.257	-32.48
37.306	-32.81
37.354	-32.68
37.403	-32.26
37.451	-32.04
37.5	-32.05
37.548	-32.58
37.596	-33.87
37.645	-35.15
37.693	-36.08
37.741	-36.51
37.79	-36.41
37.838	-35.31
37.886	-34.35
37.935	-33.92
37.983	-33.62
38.031	-33.8
38.079	-33.66
38.127	-33.49
38.176	-32.77
38.224	-32.3
38.272	-31.58
38.32	-31.36
38.368	-31.79
38.416	-32.49
38.464	-33.71
38.512	-34.96
38.56	-35.66
38.608	-35.65
38.657	-35.23
38.705	-34.46
38.753	-33.57
38.8	-33.76
38.848	-34.3
38.896	-35.36
38.944	-35.91
38.992	-35.9
39.04	-35.46
39.088	-35.1
39.136	-35.93
39.184	-37.13
39.231	-38.66
39.279	-39.29
39.327	-39.2
39.375	-38.28
39.422	-36.59
39.47	-35.44
39.518	-34.88
39.566	-35.04
39.613	-36.12
39.661	-37.23
39.709	-37.79
39.756	-37.41
39.804	-36.2
39.852	-34.52
39.899	-33.54
39.947	-33.43
39.994	-33.88
40.042	-34.01
40.089	-33.76
40.137	-33.83
40.184	-34.14
40.232	-34.24
40.279	-34.39
40.327	-34.39
40.374	-34.22
40.421	-33.96
40.469	-33.57
40.516	-33.54
40.564	-34
40.611	-34.49
40.658	-34.43
40.706	-32.97
40.753	-31.22
40.8	-29.69
40.847	-29.15
40.895	-29.47
40.942	-30.39
40.989	-32.06
41.036	-33.4
41.083	-34.51
41.131	-35.8
41.178	-36.51
41.225	-36.82
41.272	-36.53
41.319	-36.55
41.366	-36.78
41.413	-37.2
41.46	-37.53
41.507	-37.25
41.554	-36.53
41.601	-35.25
41.649	-34.3
41.696	-34.17
41.743	-34.79
41.789	-35.61
41.836	-35.85
41.883	-35.62
41.93	-34.88
41.977	-34.26
42.024	-33.77
42.071	-33.66
42.118	-33.96
42.165	-34.56
42.211	-35.2
42.258	-35.55
42.305	-35.04
42.352	-34.25
42.398	-33.33
42.445	-32.54
42.492	-32.28
42.539	-32.61
42.585	-33.49
42.632	-34.21
42.679	-34.15
42.725	-33.65
42.772	-33.19
42.819	-32.82
42.865	-31.91
42.912	-31.55
42.958	-31.56
43.005	-31.87
43.052	-32.96
43.098	-33.85
43.145	-34.51
43.191	-34.87
43.238	-35.01
43.284	-33.97
43.331	-32.74
43.377	-31.53
43.423	-30.45
43.47	-30.6
43.516	-31.62
43.563	-32.69
43.609	-32.99
43.655	-32.38
43.702	-31.53
43.748	-30.9
43.794	-30.99
43.841	-31.92
43.887	-33.7
43.933	-35.36
43.98	-36.2
44.026	-35.96
44.072	-35.45
44.118	-35.02
44.164	-34.93
44.21	-35.58
44.257	-36.51
44.303	-37.21
44.349	-37.46
44.395	-36.85
44.441	-36.16
44.487	-35.66
44.533	-35.47
44.579	-35.49
44.626	-35.34
44.672	-34.62
44.718	-33.51
44.764	-32.5
44.81	-31.67
44.856	-31.45
44.902	-31.85
44.948	-33
44.993	-34.53
45.039	-35.85
45.085	-36.65
45.131	-36.96
45.177	-36.96
45.223	-36.24
45.269	-35.79
45.315	-35.42
45.361	-35.84
45.406	-36.64
45.452	-37.05
45.498	-36.66
45.544	-35.18
45.589	-33.28
45.635	-31.84
45.681	-31.02
45.727	-31.51
45.772	-33.41
45.818	-35.35
45.864	-35.67
45.909	-35.17
45.955	-33.99
46.001	-32.82
46.046	-31.68
46.092	-30.78
46.138	-30.77
46.183	-31.23
46.229	-32.09
46.274	-33.06
46.32	-33.71
46.365	-34.04
46.411	-34.01
46.456	-34.01
46.502	-33.65
46.547	-34.06
46.593	-34.53
46.638	-35.43
46.684	-35.63
46.729	-35.09
46.775	-34.45
46.82	-33.66
46.865	-33.19
46.911	-33.25
46.956	-33.84
47.001	-34.67
47.047	-35.02
47.092	-34.76
47.137	-34.17
47.183	-34.06
47.228	-34.3
47.273	-35.42
47.318	-36.34
47.364	-36.57
47.409	-36.17
47.454	-34.94
47.499	-33.31
47.544	-32.09
47.59	-31.04
47.635	-30.67
47.68	-31.18
47.725	-32.04
47.77	-33.22
47.815	-34.32
47.86	-35.15
47.906	-35.44
47.951	-34.93
47.996	-33.88
48.041	-33.18
48.086	-32.94
48.131	-33.4
48.176	-34.74
48.221	-35.81
48.266	-35.82
48.311	-35.24
48.356	-34.06
48.401	-33.18
48.445	-33.15
48.49	-33.7
48.535	-34.86
48.58	-36.17
48.625	-36.9
48.67	-36.42
48.715	-35.54
48.76	-34.22
48.804	-33.23
48.849	-32.53
48.894	-32.77
48.939	-33.32
48.984	-33.31
49.028	-32.91
49.073	-32.4
49.118	-32.03
49.163	-32.42
49.207	-33.29
49.252	-33.98
49.297	-34.61
49.341	-34.69
49.386	-34.67
49.431	-34.19
49.475	-34.11
49.52	-33.45
49.565	-33.15
49.609	-32.95
49.654	-32.89
49.698	-33.3
49.743	-32.92
49.787	-33.01
49.832	-33.1
49.876	-32.86
49.921	-33.11
49.965	-33.42
50.01	-34.2
50.054	-34.88
50.099	-35.09
50.143	-34.86
50.188	-34.64
50.232	-34.36
50.277	-34.21
50.321	-33.76
50.365	-33.25
50.41	-32.18
50.454	-31.61
50.499	-31.7
50.543	-32.62
50.587	-33.68
50.632	-34.91
50.676	-35.31
50.72	-34.66
50.764	-33.74
50.809	-32.7
50.853	-31.96
50.897	-31.46
50.941	-31.62
50.986	-32.27
51.03	-33.07
51.074	-33.87
51.118	-34.26
51.163	-34.41
51.207	-34.01
51.251	-33.27
51.295	-33.12
51.339	-34
51.383	-34.82
51.427	-35.59
51.471	-35.7
51.516	-35.24
51.56	-34.52
51.604	-34.2
51.648	-34.13
51.692	-34.67
51.736	-35.09
51.78	-35.39
51.824	-34.81
51.868	-33.7
51.912	-32.43
51.956	-31.29
52	-31.08
52.044	-31.4
52.087	-32.31
52.131	-33.81
52.175	-34.44
52.219	-34.72
52.263	-34.16
52.307	-33.27
52.351	-32.22
52.395	-31.76
52.439	-31.93
52.482	-32.77
52.526	-33.58
52.57	-33.6
52.614	-33.23
52.658	-32.49
52.701	-31.59
52.745	-31.25
52.789	-31.6
52.833	-32.73
52.876	-34.14
52.92	-35.17
52.964	-35.52
53.007	-35.34
53.051	-34.74
53.095	-34.33
53.138	-33.96
53.182	-34.56
53.226	-35.38
53.269	-36.05
53.313	-36.28
53.357	-35.94
53.4	-34.97
53.444	-33.82
53.487	-33.09
53.531	-32.98
53.574	-33.26
53.618	-33.22
53.662	-32.82
53.705	-32.29
53.749	-31.67
53.792	-31.23
53.836	-30.83
53.879	-30.98
53.922	-31.39
53.966	-32.01
54.009	-32.84
54.053	-33.11
54.096	-33.21
54.14	-33
54.183	-32.63
54.226	-32.33
54.27	-32.1
54.313	-31.98
54.357	-31.79
54.4	-31.75
54.443	-31.65
54.486	-31.88
54.53	-32.62
54.573	-33.02
54.616	-33.48
54.66	-33.58
54.703	-33.41
54.746	-33.55
54.789	-33.33
54.833	-33.69
54.876	-34.83
54.919	-37.72
54.962	-36.65
55.006	-36.9
55.049	-36.38
55.092	-35.81
55.135	-35.25
55.178	-35.04
55.221	-35.29
55.264	-35.48
55.308	-35.18
55.351	-34.45
55.394	-33.66
55.437	-32.82
55.48	-32.39
55.523	-32.44
55.566	-32.97
55.609	-33.88
55.652	-35.16
55.695	-35.82
55.738	-36.09
55.781	-35.88
55.824	-35.61
55.867	-35.15
55.91	-34.91
55.953	-35
55.996	-35.73
56.039	-36.45
56.082	-36.28
56.125	-36.2
56.168	-35.81
56.211	-35.49
56.253	-34.69
56.296	-34.63
56.339	-35.11
56.382	-35.5
56.425	-35.57
56.468	-35.25
56.511	-34.6
56.553	-34.09
56.596	-33.99
56.639	-33.89
56.682	-33.65
56.725	-33.03
56.767	-32.37
56.81	-31.83
56.853	-31.38
56.896	-31.77
56.938	-32.95
56.981	-34.24
57.024	-34.98
57.067	-34.98
57.109	-34.66
57.152	-34.23
57.195	-33.88
57.237	-34.17
57.28	-34.6
57.322	-35.4
57.365	-35.7
57.408	-35.37
57.45	-34.58
57.493	-33.86
57.536	-32.99
57.578	-32.33
57.621	-32.13
57.663	-32.11
57.706	-31.9
57.748	-31.83
57.791	-31.34
57.833	-30.96
57.876	-30.62
57.918	-30.74
57.961	-31.42
58.003	-31.94
58.046	-32.28
58.088	-32.59
58.131	-32.92
58.173	-33.13
58.216	-33.71
58.258	-34.7
58.3	-35.83
58.343	-36.42
58.385	-36.85
58.428	-36.68
58.47	-36.74
58.512	-36.13
58.555	-35.14
58.597	-34.13
58.639	-33.41
58.682	-32.89
58.724	-32.85
58.766	-32.97
58.809	-33.01
58.851	-32.77
58.893	-32.39
58.936	-32.01
58.978	-31.86
59.02	-32.32
59.062	-32.76
59.105	-33.22
59.147	-33.45
59.189	-33.36
59.231	-32.97
59.273	-32.63
59.316	-32.56
59.358	-32.96
59.4	-33.44
59.442	-33.71
59.484	-33.9
59.526	-33.75
59.569	-33.61
59.611	-33.22
59.653	-33.4
59.695	-33.64
59.737	-33.64
59.779	-33.88
59.821	-33.76
59.863	-33.47
59.905	-33.48
59.947	-33.15
59.989	-33.57
60.031	-34.44
60.073	-34.65
60.115	-34.88
60.157	-34.84
60.199	-34.56
60.241	-34.69
60.283	-35.08
60.325	-35.64
60.367	-35.53
60.409	-34.98
60.451	-33.99
60.493	-33.07
60.535	-32.43
60.577	-31.92
60.619	-32.11
60.661	-32.71
60.703	-33.09
60.745	-33.53
60.786	-33.5
60.828	-33.2
60.87	-32.69
60.912	-32.71
60.954	-32.6
60.996	-33.36
61.037	-33.77
61.079	-33.84
61.121	-33.27
61.163	-32.68
61.205	-32.2
61.246	-31.68
61.288	-32.29
61.33	-33.56
61.372	-34.66
61.413	-35.57
61.455	-35.81
61.497	-35.99
61.539	-35.71
61.58	-35.98
61.622	-36.44
61.664	-37.41
61.705	-37.77
61.747	-37.67
61.789	-37.08
61.83	-36.02
61.872	-34.74
61.913	-33.84
61.955	-33.1
61.997	-32.73
62.038	-32.58
62.08	-32.21
62.122	-31.83
62.163	-31.28
62.205	-31.15
62.246	-31.52
62.288	-32.46
62.329	-33.06
62.371	-33.18
62.412	-32.51
62.454	-31.62
62.495	-30.98
62.537	-31.01
62.578	-31.32
62.62	-32
62.661	-32.82
62.703	-33.16
62.744	-33.28
62.786	-32.7
62.827	-32.04
62.869	-31.39
62.91	-31
62.951	-31.14
62.993	-32.02
63.034	-33.16
63.076	-34.25
63.117	-34.93
63.158	-34.88
63.2	-34.47
63.241	-33.95
63.282	-33.43
63.324	-33.82
63.365	-34.67
63.407	-35.44
63.448	-35.69
63.489	-35.23
63.53	-34.63
63.572	-34.18
63.613	-33.97
63.654	-34.36
63.696	-34.81
63.737	-34.77
63.778	-34.5
63.819	-33.86
63.861	-33.26
63.902	-32.9
63.943	-33.49
63.984	-34.4
64.025	-34.88
64.067	-35.09
64.108	-35.08
64.149	-34.92
64.19	-35.17
64.231	-35.9
64.272	-36.05
64.314	-36.1
64.355	-35.96
64.396	-35.57
64.437	-35.49
64.478	-35.6
64.519	-36.31
64.56	-37.57
64.601	-38.12
64.642	-38.16
64.684	-37.78
64.725	-36.36
64.766	-35.29
64.807	-34.57
64.848	-34.51
64.889	-35.21
64.93	-35.65
64.971	-35.63
65.012	-35.14
65.053	-34.21
65.094	-33.18
65.135	-32.67
65.176	-32.86
65.217	-33.7
65.258	-34.69
65.299	-35.1
65.34	-35.3
65.381	-34.95
65.422	-34.31
65.463	-33.56
65.503	-32.76
65.544	-32.43
65.585	-32.3
65.626	-32.47
65.667	-32.8
65.708	-32.89
65.749	-32.41
65.79	-31.76
65.83	-31.11
65.871	-30.4
65.912	-30.24
65.953	-30.54
65.994	-30.96
66.035	-32.12
66.075	-33.56
66.116	-34.42
66.157	-34.84
66.198	-34.83
66.239	-34.4
66.279	-34.05
66.32	-33.52
66.361	-33.54
66.402	-33.55
66.442	-33.62
66.483	-33.72
66.524	-33.71
66.565	-33.75
66.605	-33.6
66.646	-33.35
66.687	-33.36
66.727	-33.22
66.768	-33.44
66.809	-33.47
66.849	-33.45
66.89	-33.1
66.931	-32.58
66.971	-31.96
67.012	-31.5
67.053	-31.67
67.093	-32.17
67.134	-32.91
67.174	-33.81
67.215	-33.91
67.256	-33.82
67.296	-33.52
67.337	-33.2
67.377	-33.12
67.418	-33.26
67.458	-34.14
67.499	-35.13
67.54	-35.65
67.58	-35.65
67.621	-35.31
67.661	-34.75
67.702	-33.92
67.742	-33.67
67.783	-33.67
67.823	-34.2
67.864	-35.23
67.904	-36.43
67.945	-36.29
67.985	-35.69
68.025	-34.47
68.066	-33.18
68.106	-32.24
68.147	-31.95
68.187	-32.21
68.228	-33.56
68.268	-33.71
68.308	-33.84
68.349	-33.86
68.389	-33.28
68.43	-33.42
68.47	-33.99
68.51	-35.32
68.551	-36.45
68.591	-37.43
68.631	-37.58
68.672	-36.99
68.712	-36.36
68.752	-36.49
68.793	-35.88
68.833	-35.84
68.873	-34.57
68.914	-33.97
68.954	-32.39
68.994	-31.62
69.034	-30.47
69.075	-31.25
69.115	-31.92
69.155	-33.52
69.195	-34.15
69.236	-34.97
69.276	-34.98
69.316	-35.02
69.356	-34.35
69.397	-34.84
69.437	-34.43
69.477	-33.82
69.517	-32.62
69.557	-31.75
69.598	-30.68
69.638	-30.41
69.678	-30.84
69.718	-31.91
69.758	-33.52
69.798	-34.24
69.839	-34.62
69.879	-34.77
69.919	-34.22
69.959	-33.93
69.999	-33.52
70.039	-33.85
70.079	-33.88
70.119	-34.34
70.159	-34.38
70.199	-33.93
70.24	-34.56
70.28	-33.84
70.32	-34.37
70.36	-35.26
70.4	-35.97
70.44	-36.04
70.48	-36.13
70.52	-35.3
70.56	-33.29
70.6	-32.63
70.64	-32.1
70.68	-32.17
70.72	-32.43
70.76	-33.4
70.8	-34.4
70.84	-34.17
70.88	-33.77
70.92	-33.67
70.96	-33.21
71	-33.32
71.04	-33.19
71.079	-33.24
71.119	-33.37
71.159	-32.97
71.199	-33.1
71.239	-32.88
71.279	-33.36
71.319	-33.95
71.359	-34.86
71.399	-35.68
71.439	-35.48
71.478	-34.57
71.518	-33.53
71.558	-33.06
71.598	-32.82
71.638	-33.63
71.678	-34.3
71.717	-34.35
71.757	-34.34
71.797	-33.65
71.837	-32.89
71.877	-32.91
71.917	-33.29
71.956	-34.45
71.996	-35
72.036	-34.84
72.076	-34.73
72.115	-34.22
72.155	-33.65
72.195	-33.21
72.235	-33.29
72.274	-33.19
72.314	-33.22
72.354	-33
72.394	-32.69
72.433	-32.92
72.473	-32.84
72.513	-33.57
72.552	-35.65
72.592	-36.17
72.632	-35.96
72.671	-34.6
72.711	-33.76
72.751	-33
72.79	-32.65
72.83	-32.9
72.87	-33.04
72.909	-32.74
72.949	-31.81
72.989	-30.78
73.028	-29.9
73.068	-29.67
73.107	-29.87
73.147	-30.71
73.187	-31.46
73.226	-32.3
73.266	-32.83
73.305	-32.93
73.345	-33.07
73.384	-32.91
73.424	-32.52
73.464	-32.44
73.503	-32.95
73.543	-33.96
73.582	-34.76
73.622	-35.32
73.661	-35.13
73.701	-34.84
73.74	-34.2
73.78	-33.89
73.819	-33.96
73.859	-34.01
73.898	-33.09
73.938	-32.69
73.977	-32.21
74.017	-32.37
74.056	-32.9
74.096	-33.73
74.135	-33.98
74.174	-33.64
74.214	-32.35
74.253	-31.16
74.293	-30.63
74.332	-30.52
74.372	-31.3
74.411	-32.77
74.45	-33.95
74.49	-34.01
74.529	-33.6
74.569	-33.04
74.608	-32.33
74.647	-32.05
74.687	-32.07
74.726	-32.44
74.765	-32.73
74.805	-33.03
74.844	-33.36
74.883	-33.5
74.923	-33.92
74.962	-34.47
75.001	-35.81
75.041	-37.05
75.08	-37.79
75.119	-38.23
75.159	-38.2
75.198	-38.16
75.237	-38.28
75.276	-37.86
75.316	-36.69
75.355	-35.66
75.394	-34.71
75.433	-33.87
75.473	-33.48
75.512	-33.32
75.551	-34.02
75.59	-34.75
75.63	-34.55
75.669	-33.54
75.708	-32.14
75.747	-31.45
75.786	-30.59
75.826	-30.23
75.865	-30.44
75.904	-31.59
75.943	-33.34
75.982	-34.03
76.022	-34.55
76.061	-34.6
76.1	-34.64
76.139	-34.51
76.178	-34.39
76.217	-34.82
76.256	-35.23
76.296	-35.36
76.335	-35.43
76.374	-34.95
76.413	-34.29
76.452	-34.04
76.491	-33.71
76.53	-33.65
76.569	-33.56
76.608	-33.31
76.648	-33.09
76.687	-32.72
76.726	-32.46
76.765	-32.7
76.804	-33.3
76.843	-34
76.882	-34.98
76.921	-35.32
76.96	-35.33
76.999	-34.95
77.038	-33.99
77.077	-33.22
77.116	-32.88
77.155	-32.79
77.194	-33
77.233	-33.78
77.272	-34.46
77.311	-34.33
77.35	-34
77.389	-33.67
77.428	-33.19
77.467	-33.28
77.506	-33.4
77.545	-33.58
77.584	-33.56
77.623	-33.4
77.662	-33.24
77.701	-33.11
77.74	-33.76
77.778	-34.44
77.817	-34.76
77.856	-34.76
77.895	-34.3
77.934	-33.94
77.973	-33.63
78.012	-33.98
78.051	-34.55
78.09	-35.16
78.129	-35.61
78.167	-35.65
78.206	-35.68
78.245	-34.87
78.284	-33.66
78.323	-33.31
78.362	-32.43
78.4	-32.79
78.439	-32.72
78.478	-32.22
78.517	-31.91
78.556	-31.54
78.595	-31.61
78.633	-32.49
78.672	-33.53
78.711	-34.75
78.75	-35.04
78.789	-34.56
78.827	-33.37
78.866	-32.12
78.905	-31.2
78.944	-30.7
78.982	-31.51
79.021	-32.91
79.06	-33.93
79.099	-34.07
79.137	-33.81
79.176	-33.7
79.215	-33.53
79.254	-33.52
79.292	-33.88
79.331	-34.04
79.37	-34.14
79.408	-34.26
79.447	-34.13
79.486	-33.8
79.524	-33.1
79.563	-32.38
79.602	-32.04
79.641	-32.04
79.679	-32.64
79.718	-33.18
79.757	-32.88
79.795	-32.47
79.834	-31.7
79.872	-31.13
79.911	-30.61
79.95	-30.49
79.988	-30.75
80.027	-31.7
80.066	-33.32
80.104	-34.31
80.143	-34.67
80.181	-34.48
80.22	-33.92
80.259	-32.67
80.297	-31.98
80.336	-31.74
80.374	-31.97
80.413	-32.98
80.451	-33.64
80.49	-33.98
80.529	-33.72
80.567	-33.33
80.606	-32.97
80.644	-32.68
80.683	-32.78
80.721	-32.84
80.76	-33.03
80.798	-32.63
80.837	-31.91
80.875	-31.19
80.914	-30.97
80.952	-31.11
80.991	-32.01
81.029	-33.04
81.068	-33.75
81.106	-34.32
81.145	-34.31
81.183	-34.12
81.222	-34.35
81.26	-33.45
81.299	-33.26
81.337	-32.7
81.376	-32.03
81.414	-31.55
81.453	-31.41
81.491	-31.7
81.529	-32.37
81.568	-34.05
81.606	-35.23
81.645	-35.33
81.683	-34.94
81.721	-34.24
81.76	-32.94
81.798	-32.06
81.837	-31.36
81.875	-31.18
81.913	-31.44
81.952	-31.98
81.99	-32.68
82.029	-33.22
82.067	-33.68
82.105	-34.04
82.144	-34.22
82.182	-34.92
82.22	-36.19
82.259	-37.24
82.297	-37.92
82.335	-37.62
82.374	-37.29
82.412	-36.51
82.45	-36.2
82.489	-35.65
82.527	-35.52
82.565	-35.26
82.604	-34.72
82.642	-34.76
82.68	-33.88
82.718	-33.57
82.757	-34.63
82.795	-34.59
82.833	-35.07
82.872	-35.02
82.91	-34.56
82.948	-33.51
82.986	-31.94
83.025	-30.87
83.063	-30.72
83.101	-31.21
83.139	-32.11
83.178	-32.75
83.216	-32.98
83.254	-32.75
83.292	-32.41
83.33	-32.35
83.369	-32.6
83.407	-32.89
83.445	-33.19
83.483	-33.34
83.521	-33.37
83.56	-33.09
83.598	-33.15
83.636	-33
83.674	-33.02
83.712	-32.9
83.75	-32.88
83.789	-33.05
83.827	-33.57
83.865	-34.08
83.903	-34.43
83.941	-34.84
83.979	-33.96
84.017	-33.43
84.056	-33.48
84.094	-33.3
84.132	-33.39
84.17	-33.38
84.208	-33.12
84.246	-32.72
84.284	-32.36
84.322	-32.08
84.361	-31.94
84.399	-31.73
84.437	-31.96
84.475	-31.79
84.513	-31.05
84.551	-30.91
84.589	-31
84.627	-31.64
84.665	-33.02
84.703	-34.07
84.741	-34.55
84.779	-35.01
84.817	-34.96
84.855	-34.57
84.893	-34.25
84.931	-34
84.969	-34.72
85.007	-35.61
85.045	-35.94
85.083	-35.76
85.121	-35.15
85.159	-34.56
85.197	-34.28
85.235	-34.07
85.273	-34.22
85.311	-34.64
85.349	-34.29
85.387	-33.96
85.425	-33.49
85.463	-33.22
85.501	-33.24
85.539	-33.57
85.577	-34.33
85.615	-34.93
85.653	-34.91
85.691	-34.77
85.729	-34.19
85.767	-33.59
85.805	-33.72
85.843	-33.58
85.881	-33.65
85.919	-33.59
85.957	-33.48
85.994	-33.21
86.032	-32.45
86.07	-32.04
86.108	-31.71
86.146	-31.44
86.184	-31.58
86.222	-31.37
86.26	-31.79
86.298	-31.96
86.335	-31.97
86.373	-31.79
86.411	-31.79
86.449	-31.89
86.487	-32.4
86.525	-33.29
86.563	-33.77
86.6	-33.7
86.638	-33.35
86.676	-32.86
86.714	-32.31
86.752	-32.59
86.79	-32.81
86.827	-34.03
86.865	-34.15
86.903	-34.2
86.941	-33.7
86.979	-33.16
87.016	-33.03
87.054	-32.48
87.092	-32.46
87.13	-33
87.168	-33.21
87.205	-33.08
87.243	-32.97
87.281	-32.56
87.319	-32.38
87.357	-32.23
87.394	-32.57
87.432	-33.23
87.47	-33.37
87.508	-33.23
87.545	-33.06
87.583	-32.87
87.621	-32.96
87.658	-33.69
87.696	-34.76
87.734	-35.54
87.772	-35.31
87.809	-34.69
87.847	-33.5
87.885	-32.43
87.922	-31.74
87.96	-32.14
87.998	-33.05
88.036	-34.32
88.073	-35.19
88.111	-35.24
88.149	-35.29
88.186	-35.1
88.224	-34.86
88.262	-34.9
88.299	-35.03
88.337	-34.95
88.375	-34.57
88.412	-34.39
88.45	-33.67
88.488	-33.21
88.525	-32.86
88.563	-32.57
88.601	-32.59
88.638	-33.46
88.676	-34.06
88.713	-34.49
88.751	-34.5
88.789	-34.38
88.826	-33.79
88.864	-33.63
88.901	-34.01
88.939	-34.74
88.977	-35.24
89.014	-35.02
89.052	-34.57
89.089	-34
89.127	-33.39
89.165	-33.78
89.202	-34.61
89.24	-35.98
89.277	-36.63
89.315	-36.42
89.352	-35.69
89.39	-35.08
89.428	-34.71
89.465	-34.32
89.503	-34.18
89.54	-33.9
89.578	-33.49
89.615	-32.97
89.653	-32.74
89.69	-32.67
89.728	-32.91
89.765	-33.61
89.803	-34.49
89.84	-35.23
89.878	-35.19
89.915	-34.78
89.953	-34.48
89.99	-34.16
90.028	-34.44
90.065	-34.92
90.103	-35.37
90.14	-35.49
90.178	-35.07
90.215	-34.28
90.253	-33.74
90.29	-33.57
90.328	-33.86
90.365	-34.18
90.403	-34.51
90.44	-34.63
90.477	-34.31
90.515	-33.92
90.552	-33.22
90.59	-32.53
90.627	-32.13
90.665	-32.5
90.702	-33.18
90.74	-33.9
90.777	-33.95
90.814	-33.67
90.852	-33.27
90.889	-32.96
90.927	-33.08
90.964	-33.32
91.001	-34.54
91.039	-35.09
91.076	-35.11
91.114	-34.9
91.151	-34.48
91.188	-34.04
91.226	-33.18
91.263	-32.44
91.3	-31.91
91.338	-32.15
91.375	-32.47
91.413	-33.47
91.45	-34.02
91.487	-34.17
91.525	-33.69
91.562	-33.44
91.599	-32.71
91.637	-32.64
91.674	-32.94
91.711	-33.37
91.749	-33.74
91.786	-34.05
91.823	-33.68
91.861	-33.46
91.898	-32.84
91.935	-32.56
91.972	-32.6
92.01	-32.98
92.047	-33.52
92.084	-33.88
92.122	-33.81
92.159	-33.09
92.196	-32.64
92.234	-31.88
92.271	-31.49
92.308	-31.66
92.345	-32.33
92.383	-33.6
92.42	-34.4
92.457	-35.02
92.494	-35.54
92.532	-35.37
92.569	-34.93
92.606	-34.12
92.643	-33.35
92.681	-33.12
92.718	-33.11
92.755	-33.12
92.792	-33.26
92.83	-33.03
92.867	-33.3
92.904	-32.9
92.941	-33.6
92.978	-34.36
93.016	-34.72
93.053	-34.81
93.09	-34.46
93.127	-33.15
93.165	-33.15
93.202	-32.61
93.239	-32.78
93.276	-33.51
93.313	-34
93.35	-35.53
93.388	-36.37
93.425	-36.18
93.462	-35.48
93.499	-34.58
93.536	-33.67
93.573	-33.36
93.611	-33.18
93.648	-34.44
93.685	-35.06
93.722	-35.64
93.759	-35.53
93.796	-35.04
93.834	-34.34
93.871	-33.91
93.908	-33.65
93.945	-33.9
93.982	-34.25
94.019	-34.85
94.056	-35
94.093	-34.91
94.131	-34.63
94.168	-34.26
94.205	-33.47
94.242	-33.14
94.279	-33.17
94.316	-33.19
94.353	-33.69
94.39	-33.94
94.427	-33.9
94.464	-33.45
94.501	-33.11
94.539	-32.52
94.576	-32.39
94.613	-32.72
94.65	-33.38
94.687	-33.7
94.724	-33.61
94.761	-33.22
94.798	-32.67
94.835	-32.04
94.872	-32
94.909	-32.12
94.946	-32.95
94.983	-33.67
95.02	-34.01
95.057	-34.42
95.094	-34.7
95.131	-35.06
95.168	-35.73
95.205	-36.83
95.242	-37.19
95.279	-36.7
95.316	-35.37
95.353	-33.99
95.39	-32.21
95.427	-31.55
95.464	-30.78
95.501	-31.44
95.538	-32.33
95.575	-33.53
95.612	-34.26
95.649	-33.98
95.686	-33.42
95.723	-33.19
95.76	-32.71
95.797	-32.82
95.834	-33.93
95.871	-35.25
95.908	-36.52
95.945	-36.63
95.982	-36.18
96.019	-35.36
96.056	-34.4
96.093	-32.59
96.13	-32.4
96.167	-32.12
96.204	-32.71
96.241	-33.89
96.278	-34.33
96.315	-34.41
96.352	-34.06
96.388	-33.34
96.425	-32.78
96.462	-32.22
96.499	-32.32
96.536	-32.7
96.573	-33.35
96.61	-33.49
96.647	-33.48
96.684	-33.05
96.721	-32.88
96.757	-32.96
96.794	-33.1
96.831	-33.46
96.868	-33.63
96.905	-33.36
96.942	-33.09
96.979	-32.9
97.016	-33.07
97.052	-33.6
97.089	-34.29
97.126	-34.71
97.163	-34.82
97.2	-34.61
97.237	-33.93
97.274	-33.41
97.31	-33.01
97.347	-32.9
97.384	-32.84
97.421	-32.99
97.458	-33.24
97.495	-33.21
97.532	-33.11
97.568	-32.48
97.605	-31.69
97.642	-31.18
97.679	-30.2
97.716	-30.12
97.752	-30.26
97.789	-30.89
97.826	-31.5
97.863	-31.97
97.9	-31.76
97.936	-31.73
97.973	-31.58
98.01	-31.51
98.047	-31.93
98.084	-32.34
98.12	-32.38
98.157	-32.44
98.194	-32.62
98.231	-32.87
98.267	-33.52
98.304	-34.2
98.341	-34.74
98.378	-34.41
98.415	-33.92
98.451	-33.3
98.488	-33.12
98.525	-33.5
98.562	-34.29
98.598	-34.81
98.635	-34.22
98.672	-33.28
98.709	-32.21
98.745	-31.25
98.782	-30.99
98.819	-31.7
98.855	-32.72
98.892	-34.12
98.929	-35.47
98.966	-36.02
99.002	-35.6
99.039	-34.83
99.076	-34.06
99.112	-33.66
99.149	-34.06
99.186	-34.56
99.223	-34.85
99.259	-34.3
99.296	-33.36
99.333	-32.41
99.369	-31.99
99.406	-31.85
99.443	-32.33
99.479	-33.8
99.516	-34.98
99.553	-35.62
99.589	-35.77
99.626	-35.5
99.663	-31.89
99.699	-35.13
99.736	-35.1
99.773	-35.67
99.809	-36.22
99.846	-36.73
99.883	-36.38
99.919	-35.53
99.956	-34.65
99.993	-34.06
100.029	-33.19
100.066	-33.19
100.102	-33.22
100.139	-33.88
100.176	-34.75
100.212	-34.92
100.249	-34.83
100.286	-34.33
100.322	-33.51
100.359	-33.36
100.395	-33.42
100.432	-33.98
100.469	-34.94
100.505	-35.38
100.542	-34.96
100.578	-34.48
100.615	-34.01
100.652	-33.55
100.688	-33.48
100.725	-33.58
100.761	-33.67
100.798	-34.22
100.835	-34.1
100.871	-33.48
100.908	-32.49
100.944	-31.77
100.981	-31.47
101.017	-31.62
101.054	-32.19
101.091	-34.57
101.127	-35.92
101.164	-36.61
101.2	-36.79
101.237	-36.42
101.273	-36.12
101.31	-35.7
101.346	-35.39
101.383	-35.36
101.419	-34.91
101.456	-34.46
101.493	-33.75
101.529	-33.58
101.566	-33.44
101.602	-33.68
101.639	-33.53
101.675	-33.52
101.712	-33.27
101.748	-33.28
101.785	-33.67
101.821	-34.48
101.858	-35.45
101.894	-35.74
101.931	-35.4
101.967	-34.73
102.004	-34.28
102.04	-33.9
102.077	-34.16
102.113	-34.41
102.15	-34.7
102.186	-34.4
102.223	-33.69
102.259	-32.64
102.296	-31.25
102.332	-30.18
102.369	-29.64
102.405	-29.41
102.441	-29.92
102.478	-31.32
102.514	-32.33
102.551	-33.2
102.587	-33.5
102.624	-33.02
102.66	-32.56
102.697	-32
102.733	-31.99
102.77	-32.23
102.806	-32.95
102.842	-34.06
102.879	-34.48
102.915	-34.35
102.952	-33.6
102.988	-32.9
103.025	-32.46
103.061	-32.34
103.097	-32.61
103.134	-33.23
103.17	-33.84
103.207	-33.94
103.243	-33.69
103.279	-33.18
103.316	-32.94
103.352	-33.09
103.389	-33.83
103.425	-34.56
103.461	-34.81
103.498	-34.47
103.534	-33.58
103.571	-32.33
103.607	-31.48
103.643	-30.96
103.68	-30.78
103.716	-31.49
103.753	-32.72
103.789	-33.84
103.825	-34.23
103.862	-33.97
103.898	-33.48
103.934	-32.91
103.971	-32.53
104.007	-32.52
104.043	-32.89
104.08	-32.99
104.116	-32.89
104.153	-32.85
104.189	-33.02
104.225	-33.52
104.262	-34.06
104.298	-34.27
104.334	-34.29
104.371	-33.85
104.407	-33.39
104.443	-33.38
104.48	-33.59
104.516	-33.82
104.552	-34
104.589	-33.87
104.625	-33.28
104.661	-33.05
104.697	-33.01
104.734	-34.16
104.77	-35.08
104.806	-35.88
104.843	-36.25
104.879	-35.94
104.915	-35.55
104.952	-35.32
104.988	-35.17
105.024	-35.54
105.06	-36.05
105.097	-36.19
105.133	-35.92
105.169	-35.38
105.206	-34.83
105.242	-34.6
105.278	-34.81
105.314	-35.59
105.351	-36.23
105.387	-36.24
105.423	-35.8
105.46	-35.2
105.496	-34.27
105.532	-33.6
105.568	-33.96
105.605	-34.71
105.641	-35.52
105.677	-35.82
105.713	-35.24
105.75	-34.78
105.786	-34.22
105.822	-33.08
105.858	-34
105.895	-34.91
105.931	-35.34
105.967	-35.07
106.003	-34.4
106.039	-33.84
106.076	-33.23
106.112	-34.33
106.148	-33.47
106.184	-33.8
106.221	-33.65
106.257	-34.01
106.293	-34.45
106.329	-34.96
106.365	-36
106.402	-36.38
106.438	-36.13
106.474	-35.77
106.51	-34.99
106.546	-34.99
106.583	-34.96
106.619	-35.02
106.655	-35.17
106.691	-35.6
106.727	-35.48
106.764	-35.44
106.8	-34.85
106.836	-34.43
106.872	-34.28
106.908	-34.09
106.944	-34.4
106.981	-34.91
107.017	-34.92
107.053	-34.92
107.089	-34.85
107.125	-34.72
107.161	-34.3
107.198	-33.98
107.234	-33.82
107.27	-33.56
107.306	-34.05
107.342	-34.81
107.378	-35.25
107.414	-35.55
107.451	-34.91
107.487	-34.28
107.523	-33.64
107.559	-33.41
107.595	-33.75
107.631	-34.43
107.667	-34.76
107.703	-34.86
107.74	-34.68
107.776	-34.02
107.812	-33.62
107.848	-33.18
107.884	-33.06
107.92	-32.87
107.956	-33.14
107.992	-32.99
108.029	-32.54
108.065	-32.33
108.101	-32.07
108.137	-31.78
108.173	-31.39
108.209	-31.27
108.245	-30.99
108.281	-31
108.317	-31.22
108.353	-31.88
108.389	-32.46
108.426	-32.9
108.462	-32.86
108.498	-32.91
108.534	-33.1
108.57	-33.38
108.606	-34.04
108.642	-35.06
108.678	-35.4
108.714	-35.67
108.75	-35.36
108.786	-34.76
108.822	-34.08
108.858	-33.4
108.894	-32.86
108.93	-33.01
108.967	-33.85
109.003	-34.52
109.039	-34.77
109.075	-34.33
109.111	-33.44
109.147	-33.13
109.183	-32.87
109.219	-33.86
109.255	-34.88
109.291	-35.68
109.327	-35.99
109.363	-35.51
109.399	-34.71
109.435	-34.07
109.471	-33.45
109.507	-33.66
109.543	-34.04
109.579	-33.96
109.615	-33.64
109.651	-32.79
109.687	-32.04
109.723	-31.56
109.759	-31.26
109.795	-31.48
109.831	-31.75
109.867	-32.21
109.903	-32.47
109.939	-32.66
109.975	-32.77
110.011	-32.97
110.047	-33.08
110.083	-33.32
110.119	-33.63
110.155	-34.03
110.191	-33.92
110.227	-33.61
110.263	-33.22
110.299	-33.12
110.335	-33.42
110.371	-34.55
110.407	-35.95
110.443	-36.9
110.479	-37.02
110.515	-36.26
110.551	-35.1
110.587	-33.71
110.623	-32.97
110.659	-32.64
110.695	-32.85
110.731	-32.76
110.766	-32.55
110.802	-32.07
110.838	-31.32
110.874	-31.08
110.91	-31.08
110.946	-31.62
110.982	-32.64
111.018	-33.37
111.054	-33.88
111.09	-34.09
111.126	-34.04
111.162	-33.69
111.198	-33.21
111.234	-32.79
111.27	-32.77
111.305	-33.09
111.341	-34.03
111.377	-34.74
111.413	-35.31
111.449	-35.55
111.485	-35.12
111.521	-34.16
111.557	-33.36
111.593	-32.6
111.629	-32.45
111.665	-32.81
111.7	-33.68
111.736	-34.34
111.772	-34.6
111.808	-34.79
111.844	-35.1
111.88	-35.2
111.916	-35.66
111.952	-35.79
111.988	-35.4
112.023	-34.91
112.059	-34.01
112.095	-33.17
112.131	-32.35
112.167	-31.9
112.203	-31.65
112.239	-32.15
112.275	-32.59
112.31	-32.93
112.346	-32.98
112.382	-32.84
112.418	-32.54
112.454	-32.32
112.49	-32.24
112.526	-32.25
112.561	-32.41
112.597	-32.84
112.633	-33.42
112.669	-33.57
112.705	-33.59
112.741	-33.6
112.777	-33.53
112.812	-33.72
112.848	-34.03
112.884	-34.51
112.92	-35
112.956	-35.6
112.992	-35.34
113.027	-34.99
113.063	-34.3
113.099	-33.68
113.135	-33.33
113.171	-33.24
113.206	-33.49
113.242	-34.08
113.278	-34.5
113.314	-34.36
113.35	-33.73
113.386	-33.32
113.421	-32.55
113.457	-32.07
113.493	-31.79
113.529	-31.67
113.565	-32.12
113.6	-32.51
113.636	-32.4
113.672	-32.12
113.708	-31.79
113.744	-31.89
113.779	-31.69
113.815	-32.01
113.851	-32.59
113.887	-34.05
113.922	-34.16
113.958	-33.96
113.994	-33.28
114.03	-33.02
114.066	-32.86
114.101	-33.4
114.137	-34.52
114.173	-35.21
114.209	-35.66
114.244	-35.61
114.28	-35.46
114.316	-35.37
114.352	-35.4
114.387	-35.69
114.423	-35.99
114.459	-35.68
114.495	-34.66
114.53	-34.01
114.566	-33.33
114.602	-32.96
114.638	-33.09
114.673	-33.7
114.709	-35.02
114.745	-36.78
114.781	-37.68
114.816	-37.65
114.852	-36.95
114.888	-35.74
114.924	-34.59
114.959	-33.52
114.995	-33.13
115.031	-33.39
115.067	-33.48
115.102	-33.47
115.138	-33.31
115.174	-33.15
115.209	-33.09
115.245	-33.49
115.281	-34
115.317	-34.65
115.352	-35.08
115.388	-35.21
115.424	-34.87
115.459	-34.33
115.495	-33.53
115.531	-32.65
115.567	-32.35
115.602	-32.51
115.638	-32.83
115.674	-33.09
115.709	-32.72
115.745	-31.86
115.781	-31.44
115.816	-31.32
115.852	-32.12
115.888	-33.19
115.923	-34.06
115.959	-34.46
115.995	-34.28
116.03	-33.86
116.066	-33.47
116.102	-32.91
116.137	-32.93
116.173	-33.03
116.209	-33.62
116.244	-34.49
116.28	-35.12
116.316	-35.21
116.351	-34.72
116.387	-33.42
116.423	-32.38
116.458	-31.84
116.494	-31.58
116.53	-32.17
116.565	-32.63
116.601	-33.06
116.637	-33.1
116.672	-33.04
116.708	-32.44
116.744	-32.19
116.779	-32.27
116.815	-32.43
116.851	-32.87
116.886	-32.84
116.922	-32.21
116.957	-31.51
116.993	-30.89
117.029	-30.82
117.064	-31.49
117.1	-33.25
117.136	-34.46
117.171	-35.3
117.207	-35.72
117.242	-35.13
117.278	-34.3
117.314	-33.45
117.349	-32.91
117.385	-33.1
117.421	-33.39
117.456	-33.79
117.492	-33.95
117.527	-33.74
117.563	-33.24
117.599	-32.89
117.634	-32.98
117.67	-33.62
117.705	-34.51
117.741	-35.64
117.777	-36.1
117.812	-35.51
117.848	-34.47
117.883	-33.26
117.919	-31.91
117.955	-31.26
117.99	-30.96
118.026	-31.68
118.061	-32.3
118.097	-32.94
118.132	-33.46
118.168	-34.1
118.204	-34.41
118.239	-34.48
118.275	-34.43
118.31	-34.67
118.346	-34.98
118.381	-36.24
118.417	-37.52
118.453	-38
118.488	-37.5
118.524	-36.32
118.559	-33.94
118.595	-32.27
118.63	-31.28
118.666	-31.13
118.702	-31.55
118.737	-32.32
118.773	-33.64
118.808	-34.28
118.844	-35.23
118.879	-34.51
118.915	-33.98
118.95	-33.44
118.986	-33.07
119.021	-33.25
119.057	-33.53
119.092	-34.16
119.128	-34.55
119.164	-34.55
119.199	-34.4
119.235	-33.85
119.27	-33.07
119.306	-32.45
119.341	-32.21
119.377	-32.96
119.412	-34.66
119.448	-35.43
119.483	-35.63
119.519	-35.33
119.554	-34.51
119.59	-33.92
119.625	-33.51
119.661	-33.85
119.696	-34.57
119.732	-34.89
119.767	-35.27
119.803	-35.19
119.838	-35
119.874	-34.94
119.909	-35.13
119.945	-35.73
119.98	-35.98
120.016	-35.85
120.051	-35.61
120.087	-35.25
120.122	-35.45
120.158	-36.02
120.193	-36.58
120.229	-36.95
120.264	-36.12
120.3	-35.24
120.335	-33.62
120.371	-32.3
120.406	-30.92
120.442	-30.59
120.477	-31.27
120.513	-33.21
120.548	-35.04
120.584	-35.8
120.619	-36
120.655	-35.86
120.69	-34.28
120.725	-32.86
120.761	-31.81
120.796	-31.29
120.832	-31.72
120.867	-32.49
120.903	-33.65
120.938	-34.24
120.974	-34.42
121.009	-33.9
121.045	-34.03
121.08	-33.45
121.115	-33.48
121.151	-34.1
121.186	-34.66
121.222	-34.69
121.257	-34.05
121.293	-33.13
121.328	-32.49
121.364	-31.86
121.399	-31.56
121.434	-31.82
121.47	-31.74
121.505	-31.55
121.541	-31.4
121.576	-31.47
121.612	-31.43
121.647	-31.5
121.682	-31.56
121.718	-31.96
121.753	-33.87
121.789	-34.85
121.824	-35.64
121.86	-35.8
121.895	-35.52
121.93	-35.65
121.966	-34.66
122.001	-34.07
122.037	-33.74
122.072	-33.72
122.107	-33.09
122.143	-32.79
122.178	-32.48
122.214	-32.72
122.249	-33.2
122.284	-33.98
122.32	-35.36
122.355	-35.97
122.391	-35.68
122.426	-35.06
122.461	-34.27
122.497	-33.59
122.532	-33.39
122.568	-33.3
122.603	-33.68
122.638	-34.55
122.674	-34.98
122.709	-35.44
122.745	-35.06
122.78	-34.52
122.815	-34.09
122.851	-33.81
122.886	-34.45
122.921	-35.32
122.957	-35.45
122.992	-34.87
123.028	-33.95
123.063	-32.83
123.098	-32.72
123.134	-32.05
123.169	-32.49
123.204	-33.85
123.24	-34.62
123.275	-34.63
123.31	-34.37
123.346	-33.74
123.381	-32.88
123.416	-32.72
123.452	-32.69
123.487	-33.35
123.523	-33.94
123.558	-34.62
123.593	-34.26
123.629	-34.07
123.664	-33.47
123.699	-33.08
123.735	-33.24
123.77	-34.08
123.805	-34.73
123.841	-35.33
123.876	-35.05
123.911	-34.63
123.947	-33.9
123.982	-33.01
124.017	-32.57
124.053	-32.56
124.088	-33.22
124.123	-34.5
124.159	-35.63
124.194	-36.2
124.229	-36.26
124.265	-35.31
124.3	-34.42
124.335	-33.65
124.371	-33.56
124.406	-34.1
124.441	-34.57
124.476	-34.74
124.512	-34.26
124.547	-33.73
124.582	-33.46
124.618	-33.3
124.653	-33.44
124.688	-33.48
124.724	-33.3
124.759	-32.94
124.794	-32.56
124.83	-32.9
124.865	-33.63
124.9	-34.5
124.935	-34.79
124.971	-34.47
125.006	-34.12
125.041	-34.21
125.077	-34.25
125.112	-35.43
125.147	-36.09
125.182	-35.84
125.218	-35.07
125.253	-33.83
125.288	-31.97
125.324	-31.08
125.359	-30.88
125.394	-31.32
125.429	-32.46
125.465	-33.45
125.5	-33.93
125.535	-34.18
125.57	-33.71
125.606	-32.91
125.641	-32.1
125.676	-31.75
125.712	-31.98
125.747	-32.49
125.782	-33.79
125.817	-34.85
125.853	-35.03
125.888	-34.7
125.923	-33.71
125.958	-32.51
125.994	-31.7
126.029	-31.73
126.064	-32.39
126.099	-33.61
126.135	-34.38
126.17	-34.75
126.205	-34.85
126.24	-34.88
126.276	-35.03
126.311	-34.9
126.346	-34.36
126.381	-33.36
126.417	-32.23
126.452	-31.46
126.487	-31.28
126.522	-32.27
126.557	-33.75
126.593	-34.56
126.628	-34.86
126.663	-34.58
126.698	-34.2
126.734	-33.75
126.769	-33.84
126.804	-33.98
126.839	-33.76
126.875	-33.19
126.91	-32.58
126.945	-32.18
126.98	-32.1
127.015	-32.64
127.051	-33.87
127.086	-34.82
127.121	-35.41
127.156	-35.39
127.191	-34.75
127.227	-34.05
127.262	-33.39
127.297	-33
127.332	-33.68
127.367	-34.17
127.403	-34.31
127.438	-34.01
127.473	-33.62
127.508	-33.34
127.543	-33.45
127.579	-33.73
127.614	-33.85
127.649	-33.62
127.684	-33.35
127.719	-33.07
127.755	-32.98
127.79	-33.59
127.825	-34.51
127.86	-35.19
127.895	-35.63
127.931	-35.79
127.966	-35.57
128.001	-34.88
128.036	-34.65
128.071	-34.24
128.106	-33.81
128.142	-33.24
128.177	-32.87
128.212	-32.88
128.247	-33.66
128.282	-34.42
128.317	-34.85
128.353	-34.89
128.388	-34.37
128.423	-33.61
128.458	-33.4
128.493	-33.54
128.528	-33.43
128.564	-33.6
128.599	-33.12
128.634	-32.8

