,depth,d18O
0,45.4400000000018,-37.1849
1,45.4600000000018,-36.68
2,45.4800000000018,-36.2841
3,45.5000000000018,-35.9217
4,45.5200000000018,-35.529
5,45.5400000000018,-35.2892
6,45.5600000000018,-35.0874
7,45.5800000000018,-35.1292
8,45.6000000000018,-35.0855
9,45.6200000000018,-35.0557
10,45.6400000000018,-35.2124
11,45.6600000000018,-35.4395
12,45.6800000000018,-35.6105
13,45.7000000000019,-35.7296
14,45.7200000000019,-35.7367
15,45.7400000000019,-35.7522
16,45.7600000000019,-35.7912
17,45.7800000000019,-35.7638
18,45.8000000000019,-35.7813
19,45.8200000000019,-35.6548
20,45.8400000000019,-35.5675
21,45.8600000000019,-35.4278
22,45.8800000000019,-35.4296
23,45.9000000000019,-35.2342
24,45.9200000000019,-35.0899
25,45.9400000000019,-34.9941
26,45.9600000000019,-34.925
27,45.9800000000019,-34.8128
28,46.0000000000019,-34.5478
29,46.0200000000019,-34.4553
30,46.0400000000019,-34.5178
31,46.0600000000019,-34.4948
32,46.0800000000019,-34.5864
33,46.1000000000019,-34.7117
34,46.1200000000019,-34.7884
35,46.1400000000019,-34.9247
36,46.1600000000019,-35.1033
37,46.1800000000019,-35.2662
38,46.2000000000019,-35.6039
39,46.2200000000019,-35.8227
40,46.2400000000019,-36.0129
41,46.2600000000019,-36.2116
42,46.2800000000019,-36.2351
43,46.3000000000019,-36.1801
44,46.320000000002,-36.1323
45,46.340000000002,-36.108
46,46.360000000002,-36.0006
47,46.380000000002,-35.7911
48,46.400000000002,-35.6154
49,46.420000000002,-35.3603
50,46.440000000002,-35.0025
51,46.460000000002,-34.7573
52,46.480000000002,-34.588
53,46.500000000002,-34.3428
54,46.520000000002,-34.1335
55,46.540000000002,-34.007
56,46.560000000002,-33.9079
57,46.580000000002,-33.8527
58,46.600000000002,-33.6668
59,46.620000000002,-33.6802
60,46.640000000002,-33.5653
61,46.660000000002,-33.5898
62,46.680000000002,-33.5084
63,46.700000000002,-33.5739
64,46.720000000002,-33.5629
65,46.740000000002,-33.6428
66,46.760000000002,-33.6366
67,46.780000000002,-33.6921
68,46.800000000002,-33.7535
69,46.820000000002,-33.867
70,46.840000000002,-33.9243
71,46.860000000002,-33.8688
72,46.880000000002,-34.1035
73,46.900000000002,-33.9121
74,46.920000000002,-34.0182
75,46.940000000002,-34.3611
76,46.9600000000021,-34.4011
77,46.9800000000021,-34.5193
78,47.0000000000021,-35.1173
79,47.0200000000021,-35.0331
80,47.0400000000021,-35.0901
81,47.0600000000021,-34.9229
82,47.0800000000021,-34.8899
83,47.1000000000021,-34.7943
84,47.1200000000021,-34.6617
85,47.1400000000021,-34.3966
86,47.1600000000021,-34.4862
87,47.1800000000021,-34.2425
88,47.2000000000021,-34.2162
89,47.2200000000021,-34.1131
90,47.2400000000021,-34.0061
91,47.2600000000021,-33.7755
92,47.2800000000021,-33.5711
93,47.3000000000021,-33.4491
94,47.3200000000021,-33.3126
95,47.3400000000021,-33.0537
96,47.3600000000021,-33.0061
97,47.3800000000021,-32.8257
98,47.4000000000021,-32.7784
99,47.4200000000021,-32.78
100,47.4400000000021,-32.8329
101,47.4600000000021,-32.8355
102,47.4800000000021,-32.9464
103,47.5000000000021,-33.046
104,47.5200000000021,-33.1512
105,47.5400000000021,-33.1206
106,47.5600000000021,-33.0872
107,47.5800000000021,-33.1103
108,47.6000000000022,-33.0982
109,47.6200000000022,-33.2354
110,47.6400000000022,-33.2328
111,47.6600000000022,-33.2844
112,47.6800000000022,-33.4394
113,47.7000000000022,-33.4865
114,47.7200000000022,-33.5877
115,47.7400000000022,-33.677
116,47.7600000000022,-33.7897
117,47.7800000000022,-33.9156
118,47.8000000000022,-34.0574
119,47.8200000000022,-34.3163
120,47.8400000000022,-34.3002
121,47.8600000000022,-34.54
122,47.8800000000022,-34.6855
123,47.9000000000022,-34.8682
124,47.9200000000022,-35.15
125,47.9400000000022,-35.343
126,47.9600000000022,-35.4932
127,47.9800000000022,-35.7029
128,48.0000000000022,-35.911
129,48.0200000000022,-36.1088
130,48.0400000000022,-36.3556
131,48.0600000000022,-36.4483
132,48.0800000000022,-36.7306
133,48.1000000000022,-37.0025
134,48.1200000000022,-36.944
135,48.1400000000022,-36.8334
136,48.1600000000022,-36.8094
137,48.1800000000022,-36.4723
138,48.2000000000022,-36.3198
139,48.2200000000023,-35.8192
140,48.2400000000022,-35.6953
141,48.2600000000023,-35.4733
142,48.2800000000023,-35.1884
143,48.3000000000023,-35.0002
144,48.3200000000023,-34.8342
145,48.3400000000023,-34.8423
146,48.3600000000023,-34.6368
147,48.3800000000023,-34.7262
148,48.4000000000023,-34.6895
149,48.4200000000023,-34.928
150,48.4400000000023,-35.0078
151,48.4600000000023,-35.2673
152,48.4800000000023,-35.4317
153,48.5000000000023,-35.9353
154,48.5200000000023,-36.1598
155,48.5400000000023,-36.6854
156,48.5600000000023,-37.1975
157,48.5800000000023,-37.4823
158,48.6000000000023,-37.9378
159,48.6200000000023,-38.0461
160,48.6400000000023,-38.3337
161,48.6600000000023,-38.0292
162,48.6800000000023,-37.4386
163,48.7000000000023,-37.2736
164,48.7200000000023,-37.1683
165,48.7400000000023,-36.8634
166,48.7600000000023,-36.6556
167,48.7800000000023,-36.1663
168,48.8000000000023,-35.8511
169,48.8200000000023,-35.5088
170,48.8400000000023,-35.5396
171,48.8600000000023,-35.6417
172,48.8800000000023,-35.5832
173,48.9000000000024,-35.4292
174,48.9200000000024,-35.5051
175,48.9400000000024,-35.5886
176,48.9600000000024,-35.6461
177,48.9800000000024,-35.8086
178,49.0000000000024,-35.9105
179,49.0200000000024,-35.7165
180,49.0400000000024,-35.8326
181,49.0600000000024,-35.7169
182,49.0800000000024,-35.8864
183,49.1000000000024,-35.4558
184,49.1200000000024,-35.2577
185,49.1400000000024,-35.1589
186,49.1600000000024,-35.1273
187,49.1800000000024,-34.9899
188,49.2000000000024,-34.8419
189,49.2200000000024,-34.5459
190,49.2400000000024,-34.27
191,49.2600000000024,-34.2353
192,49.2800000000024,-33.9557
193,49.3000000000024,-33.758
194,49.3200000000024,-33.6716
195,49.3400000000024,-33.5687
196,49.3600000000024,-33.6952
197,49.3800000000024,-33.5814
198,49.4000000000024,-33.7665
199,49.4200000000024,-33.8437
200,49.4400000000024,-34.0822
201,49.4600000000024,-34.4947
202,49.4800000000024,-34.3649
203,49.5000000000024,-34.8209
204,49.5200000000025,-34.7674
205,49.5400000000025,-34.7763
206,49.5600000000025,-34.8576
207,49.5800000000025,-34.8374
208,49.6000000000025,-35.1677
209,49.6200000000025,-35.011
210,49.6400000000025,-34.8774
211,49.6600000000025,-34.8888
212,49.6800000000025,-35.3043
213,49.7000000000025,-34.7829
214,49.7200000000025,-34.877
215,49.7400000000025,-34.9993
216,49.7600000000025,-35.1503
217,49.7800000000025,-34.8575
218,49.8000000000025,-35.2882
219,49.8200000000025,-34.8895
220,49.8400000000025,-34.7585
221,49.8600000000025,-35.2277
222,49.8800000000025,-35.1335
223,49.9000000000025,-34.8737
224,49.9200000000025,-34.6883
225,49.9400000000025,-34.3655
226,49.9600000000025,-33.8394
227,49.9800000000025,-33.8488
228,50.0000000000025,-33.3908
229,50.0200000000025,-33.1402
230,50.0400000000025,-32.7434
231,50.0600000000025,-32.3971
232,50.0800000000025,-32.2975
233,50.1000000000025,-32.1802
234,50.1200000000025,-31.9483
235,50.1400000000025,-31.8747
236,50.1600000000026,-31.8899
237,50.1800000000026,-31.7044
238,50.2000000000026,-31.8779
239,50.2200000000026,-32.2307
240,50.2400000000026,-32.3557
241,50.2600000000026,-32.3859
242,50.2800000000026,-32.4801
243,50.3000000000026,-33.0044
244,50.3200000000026,-33.2419
245,50.3400000000026,-33.3127
246,50.3600000000026,-33.4056
247,50.3800000000026,-33.7443
248,50.4000000000026,-33.8957
249,50.4200000000026,-33.9984
250,50.4400000000026,-33.8175
251,50.4600000000026,-33.8373
252,50.4800000000026,-34.0236
253,50.5000000000026,-34.0605
254,50.5200000000026,-33.9603
255,50.5400000000026,-33.9623
256,50.5600000000026,-33.8693
257,50.5800000000026,-33.636
258,50.6000000000026,-33.6066
259,50.6200000000026,-33.4504
260,50.6400000000026,-33.3817
261,50.6600000000026,-33.0476
262,50.6800000000026,-32.7277
263,50.7000000000026,-32.6715
264,50.7200000000026,-32.9635
265,50.7400000000026,-32.6751
266,50.7600000000026,-32.8117
267,50.7800000000026,-32.7605
268,50.8000000000027,-32.3822
269,50.8200000000027,-32.4167
270,50.8400000000027,-31.7786
271,50.8600000000027,-31.5911
272,50.8800000000027,-31.9897
273,50.9000000000027,-31.4295
274,50.9200000000027,-30.8713
275,50.9400000000027,-30.8605
276,50.9600000000027,-30.8489
277,50.9800000000027,-30.4825
278,51.0000000000027,-30.444
279,51.0200000000027,-30.1724
280,51.0400000000027,-30.3626
281,51.0600000000027,-30.5743
282,51.0800000000027,-30.6397
283,51.1000000000027,-30.8953
284,51.1200000000027,-31.1148
285,51.1400000000027,-31.3077
286,51.1600000000027,-31.1443
287,51.1800000000027,-31.8075
288,51.2000000000027,-32.2042
289,51.2200000000027,-32.4448
290,51.2400000000027,-32.7997
291,51.2600000000027,-33.0812
292,51.2800000000027,-33.3596
293,51.3000000000027,-33.4154
294,51.3200000000027,-33.5192
295,51.3400000000027,-34.1342
296,51.3600000000027,-34.2928
297,51.3800000000027,-34.4382
298,51.4000000000027,-34.6438
299,51.4200000000028,-35.2296
300,51.4400000000027,-35.1149
301,51.4600000000028,-35.4487
302,51.4800000000028,-35.1005
303,51.5000000000028,-35.0867
304,51.5200000000028,-35.429
305,51.5400000000028,-35.4047
306,51.5600000000028,-35.4638
307,51.5800000000028,-35.3798
308,51.6000000000028,-35.3698
309,51.6200000000028,-35.383
310,51.6400000000028,-35.4354
311,51.6600000000028,-35.3436
312,51.6800000000028,-35.567
313,51.7000000000028,-35.5003
314,51.7200000000028,-35.5298
315,51.7400000000028,-35.9207
316,51.7600000000028,-35.978
317,51.7800000000028,-36.1622
318,51.8000000000028,-36.0835
319,51.8200000000028,-36.6096
320,51.8400000000028,-36.7312
321,51.8600000000028,-36.3875
322,51.8800000000028,-36.3622
323,51.9000000000028,-36.3991
324,51.9200000000028,-36.3191
325,51.9400000000028,-36.681
326,51.9600000000028,-36.6956
327,51.9800000000028,-36.4411
328,52.0000000000028,-36.4626
329,52.0200000000028,-36.6823
330,52.0400000000028,-36.633
