iceDepth	density	weDepth	d18O
0.47	325.5813953488372	0.14	-30.5
0.9	333.3333333333332	0.28	-32.7
1.32	341.4634146341466	0.42	-33.2
1.73	349.9999999999998	0.56	-35.0
2.13	375.0000000000002	0.7	-33.7
2.53	358.9743589743589	0.85	-35.2
2.92	368.4210526315788	0.99	-32.4
3.3	368.4210526315789	1.13	-33.9
3.68	368.4210526315792	1.27	-36.4
4.06	388.8888888888889	1.41	-34.3
4.42	378.378378378378	1.55	-32.5
4.79	400.0000000000007	1.69	-34.6
5.14	388.8888888888883	1.83	-34.5
5.5	400.0000000000001	1.97	-33.6
5.85	441.1764705882341	2.11	-31.4
6.19	411.7647058823535	2.26	-35.9
6.53	411.7647058823535	2.4	-36.2
6.87	424.2424242424245	2.54	-34.3
7.2	424.2424242424232	2.68	-36.7
7.53	424.2424242424245	2.82	-32.1
7.86	437.5000000000012	2.96	-34.2
8.18	437.5	3.1	-34.2
8.5	437.4999999999986	3.24	-33.4
8.82	451.6129032258061	3.38	-33.6
9.13	451.6129032258087	3.52	-34.0
9.44	483.8709677419345	3.66	-36.7
9.75	451.6129032258061	3.81	-35.5
10.06	466.6666666666673	3.95	-32.7
10.36	466.6666666666674	4.09	-31.3
10.66	466.6666666666645	4.23	-33.3
10.96	466.6666666666673	4.37	-33.9
11.26	482.7586206896556	4.51	-34.0
11.55	466.6666666666673	4.65	-35.2
11.85	482.7586206896525	4.79	-36.1
12.14	500.0000000000032	4.93	-35.1
12.42	517.2413793103414	5.07	-33.7
12.71	500.0000000000032	5.22	-35.3
12.99	482.7586206896555	5.36	-33.6
13.28	499.9999999999968	5.5	-34.6
13.56	500.0000000000032	5.64	-33.7
13.84	518.5185185185181	5.78	-29.8
14.11	499.9999999999968	5.92	-34.7
14.39	518.5185185185214	6.06	-34.9
14.66	518.5185185185181	6.2	-34.8
14.93	500.0	6.34	-35.5
15.21	538.4615384615377	6.48	-36.1
15.47	555.5555555555545	6.62	-36.1
15.74	518.518518518518	6.77	-32.2
16.01	538.4615384615413	6.91	-31.1
16.27	518.5185185185214	7.05	-32.6
16.54	538.461538461534	7.19	-35.0
16.8	538.4615384615413	7.33	-36.9
17.06	538.4615384615374	7.47	-36.7
17.32	538.4615384615413	7.61	-37.0
17.58	559.9999999999987	7.75	-35.0
17.83	538.461538461534	7.89	-33.7
18.09	600.0000000000014	8.03	-35.4
18.34	538.4615384615374	8.18	-33.0
18.6	560.0000000000023	8.32	-31.1
18.85	559.9999999999952	8.46	-32.2
19.1	560.0000000000023	8.6	-33.2
19.35	560.0000000000023	8.74	-34.5
19.6	559.9999999999952	8.88	-33.1
19.85	583.3333333333395	9.02	-33.4
20.09	560.0000000000023	9.16	-34.5
20.34	583.3333333333321	9.3	-34.2
20.58	560.0000000000023	9.44	-33.3
20.83	624.9999999999964	9.58	-35.3
21.07	583.3333333333321	9.73	-34.7
21.31	583.3333333333309	9.87	-34.3
21.55	583.3333333333395	10.01	-34.0
21.79	583.3333333333235	10.15	-36.0
22.03	583.3333333333395	10.29	-39.1
22.27	583.3333333333309	10.43	-38.3
22.51	583.3333333333395	10.57	-35.4
22.75	608.6956521739066	10.71	-35.4
22.98	583.3333333333395	10.85	-36.1
23.22	652.1739130434786	10.99	-34.3
23.45	608.6956521739066	11.14	-32.4
23.68	583.3333333333309	11.28	-35.3
23.92	608.6956521739237	11.42	-36.2
24.15	624.9999999999964	11.56	-34.6
24.39	583.3333333333321	11.71	-32.0
24.63	624.9999999999964	11.85	-32.3
24.87	625.0000000000056	12.0	-33.2
25.11	583.3333333333235	12.15	-33.8
25.35	652.1739130434887	12.29	-35.1
25.58	624.9999999999964	12.44	-32.7
25.82	608.6956521739144	12.59	-33.3
26.05	625.0000000000056	12.73	-35.1
26.29	652.1739130434709	12.88	-32.8
26.52	624.9999999999964	13.03	-34.2
26.76	608.6956521739237	13.18	-34.8
26.99	652.1739130434786	13.32	-32.7
27.22	652.1739130434709	13.47	-32.0
27.45	608.6956521739144	13.62	-34.0
27.68	652.1739130434786	13.76	-34.5
27.91	652.1739130434786	13.91	-33.3
28.14	608.6956521739066	14.06	-33.3
28.37	652.1739130434786	14.2	-32.1
28.6	652.1739130434887	14.35	-32.7
28.83	652.1739130434786	14.5	-32.8
29.06	636.3636363636239	14.65	-33.1
29.28	652.1739130434786	14.79	-34.3
29.51	681.818181818187	14.94	-33.9
29.73	608.6956521739144	15.09	-32.3
29.96	681.818181818187	15.23	-34.0
30.18	652.1739130434709	15.38	-36.3
30.41	636.3636363636423	15.53	-35.7
30.63	681.818181818176	15.67	-36.1
30.85	681.818181818187	15.82	-35.5
31.07	652.1739130434786	15.97	-35.7
31.3	636.3636363636423	16.12	-36.3
31.52	681.8181818181789	16.26	-35.1
31.74	681.8181818181679	16.41	-32.8
31.96	636.3636363636423	16.56	-33.4
32.18	681.818181818195	16.7	-33.2
32.4	714.2857142857047	16.85	-34.4
32.61	681.8181818181789	17.0	-32.6
32.83	636.3636363636423	17.15	-32.6
33.05	681.818181818173	17.29	-34.6
33.27	714.2857142857288	17.44	-35.9
33.48	636.3636363636217	17.59	-35.9
33.7	714.2857142857288	17.73	-34.6
33.91	681.818181818173	17.88	-34.0
34.13	636.3636363636423	18.03	-33.7
34.35	714.2857142857047	18.17	-32.9
34.56	714.2857142857047	18.32	-33.8
34.77	681.818181818195	18.47	-34.9
34.99	666.6666666666666	18.62	-35.7
35.2	714.2857142857288	18.76	-34.8
35.41	714.2857142857047	18.91	-34.8
35.62	636.3636363636217	19.06	-37.1
35.84	714.2857142857457	19.2	-37.5
36.05	714.2857142857047	19.35	-35.7
36.26	666.6666666666666	19.5	-33.3
36.47	714.2857142857047	19.64	-34.2
36.68	714.2857142857215	19.79	-32.6
36.89	714.2857142857047	19.94	-33.7
37.1	666.6666666666666	20.09	-34.7
37.31	714.2857142857047	20.23	-34.3
37.52	714.2857142857457	20.38	-35.1
37.73	699.9999999999928	20.53	-36.0
37.93	714.2857142857047	20.67	-35.7
38.14	714.2857142857047	20.82	-35.8
38.35	666.6666666666666	20.97	-36.5
38.56	750.0000000000266	21.11	-35.2
38.76	714.2857142857047	21.26	-37.0
38.97	749.9999999999823	21.41	-36.3
39.17	666.6666666666666	21.56	-35.7
39.38	750.0000000000266	21.7	-34.7
39.58	714.2857142857047	21.85	-35.7
39.79	699.9999999999928	22.0	-35.4
39.99	714.2857142857047	22.14	-33.3
40.2	750.0000000000266	22.29	-33.6
40.4	714.2857142857047	22.44	-34.9
40.61	699.9999999999928	22.59	-33.1
40.81	750.0000000000089	22.73	-32.7
41.01	750.0	22.88	-34.1
41.21	666.6666666666666	23.03	-34.1
41.42	750.0000000000089	23.17	-35.2
41.62	749.9999999999823	23.32	-36.5
41.82	699.9999999999928	23.47	-36.0
42.02	750.0000000000266	23.61	-35.7
42.22	749.9999999999823	23.76	-37.1
42.42	750.0000000000089	23.91	-35.6
42.62	666.6666666666666	24.06	-33.3
42.83	750.0	24.2	-33.9
43.03	789.4736842105283	24.35	-35.8
43.22	699.9999999999928	24.5	-34.6
43.42	750.0000000000089	24.64	-32.8
43.62	750.0	24.79	-34.3
43.82	699.9999999999751	24.94	-35.6
44.02	750.0000000000266	25.08	-34.1
44.22	749.9999999999823	25.23	-34.0
44.42	750.0000000000266	25.38	-34.6
44.62	736.8421052631422	25.53	-35.0
44.81	761.9047619047426	25.67	-35.4
45.02	714.2857142857457	25.83	-35.5
45.23	749.9999999999823	25.98	-35.9
45.43	761.9047619047595	26.13	-38.2
45.64	750.0	26.29	-36.5
45.84	761.9047619047852	26.44	-35.5
46.05	749.9999999999823	26.6	-35.3
46.25	714.2857142857047	26.75	-34.8
46.46	800.0000000000178	26.9	-36.0
46.66	750.0	27.06	-34.5
46.86	714.2857142857047	27.21	-33.6
47.07	799.9999999999894	27.36	-34.3
47.27	714.2857142857457	27.52	-34.6
47.48	799.9999999999716	27.67	-33.3
47.68	750.0	27.83	-33.0
47.88	750.0000000000089	27.98	-33.6
48.08	761.9047619047595	28.13	-35.1
48.29	750.0	28.29	-36.5
48.49	750.0000000000089	28.44	-35.0
48.69	799.9999999999894	28.59	-36.7
48.89	749.9999999999823	28.75	-36.8
49.09	800.0000000000178	28.9	-35.7
49.29	750.0	29.06	-35.2
49.49	750.0000000000089	29.21	-33.9
49.69	761.9047619047595	29.36	-34.7
49.9	750.0	29.52	-35.0
50.1	800.0	29.67	-34.2
50.3	789.4736842105175	29.83	-32.1
50.49	750.0000000000089	29.98	-33.2
50.69	799.9999999999894	30.13	-33.8
50.89	750.0	30.29	-32.7
51.09	750.0000000000089	30.44	-31.0
51.29	799.9999999999894	30.59	-31.4
51.49	736.8421052631697	30.75	-34.0
51.68	833.3333333333267	30.89	-35.3
51.86	736.8421052631697	31.04	-35.9
52.05	777.7777777777821	31.18	-36.5
52.23	789.4736842104988	31.32	-36.1
52.42	777.7777777777821	31.47	-33.0
52.6	789.4736842105469	31.61	-31.4
52.79	777.7777777777625	31.76	-32.7
52.97	736.8421052631697	31.9	-34.6
53.16	833.3333333332938	32.04	-34.9
53.34	777.7777777777821	32.19	-35.1
53.52	789.4736842105283	32.33	-34.1
53.71	777.7777777777821	32.48	-33.6
53.89	736.8421052631697	32.62	-32.7
54.08	833.3333333333267	32.76	-32.9
54.26	777.7777777777821	32.91	-34.4
54.44	833.3333333333662	33.05	-34.2
54.62	736.8421052631422	33.2	-33.7
54.81	777.7777777777427	33.34	-33.4
54.99	833.3333333333662	33.48	-34.5
55.17	736.8421052631697	33.63	-34.8
55.36	833.3333333333267	33.77	-35.1
55.54	777.7777777777821	33.92	-34.4
55.72	777.7777777777821	34.06	-35.5
55.9	833.3333333333267	34.2	-36.1
56.08	736.8421052631422	34.35	-33.8
56.27	833.3333333333267	34.49	-32.1
56.45	777.7777777777821	34.64	-33.8
56.63	777.7777777777821	34.78	-35.5
56.81	833.3333333333267	34.92	-35.8
56.99	777.7777777777821	35.07	-35.1
57.17	833.3333333333267	35.21	-35.2
57.35	777.7777777777821	35.36	-35.3
57.53	777.7777777777821	35.5	-33.9
57.71	833.3333333333267	35.64	-34.5
57.89	777.7777777777821	35.79	-36.8
58.07	777.7777777777821	35.93	-34.9
58.25	833.3333333333267	36.07	-35.2
58.43	777.7777777777821	36.22	-35.2
58.61	833.3333333333267	36.36	-34.4
58.79	777.7777777777821	36.51	-33.7
58.97	777.7777777777821	36.65	-33.5
59.15	833.3333333333267	36.79	-33.8
59.33	777.7777777777821	36.94	-35.4
59.51	833.3333333333267	37.08	-36.4
59.69	777.7777777777821	37.23	-36.6
59.87	777.7777777777821	37.37	-32.2
60.05	833.3333333333267	37.51	-34.0
60.23	823.529411764701	37.66	-33.8
60.4	833.3333333333662	37.8	-33.3
60.58	777.7777777777821	37.95	-33.3
60.76	777.7777777777427	38.09	-36.3
60.94	833.3333333333662	38.23	-36.8
61.12	823.529411764701	38.38	-35.4
61.29	833.3333333333267	38.52	-34.6
61.47	777.7777777777821	38.67	-35.0
61.65	777.7777777777821	38.81	-35.1
61.83	882.3529411764533	38.95	-33.2
62.0	777.7777777777821	39.1	-32.6
62.18	833.3333333333267	39.24	-34.2
62.36	777.7777777777821	39.39	-35.7
62.54	823.529411764701	39.53	-36.9
62.71	833.3333333333267	39.67	-37.4
62.89	777.7777777777821	39.82	-36.8
63.07	882.3529411764533	39.96	-34.8
63.24	777.7777777777821	40.11	-34.4
63.42	777.7777777777821	40.25	-35.7
63.6	882.3529411764533	40.39	-36.2
63.77	777.7777777777821	40.54	-35.6
63.95	882.3529411764533	40.68	-33.8
64.12	777.7777777778128	40.83	-34.4
64.3	777.7777777777515	40.97	-36.7
64.48	882.3529411764533	41.11	-36.4
64.65	777.7777777778128	41.26	-34.6
64.83	882.3529411764533	41.4	-35.4
65.0	777.7777777777515	41.55	-34.9
65.18	823.5294117647697	41.69	-34.7
65.35	833.3333333332938	41.83	-34.8
65.53	823.529411764701	41.98	-35.8
65.7	833.3333333333991	42.12	-36.1
65.88	823.5294117646592	42.27	-33.9
66.05	777.7777777777515	42.41	-32.2
66.23	882.3529411764952	42.55	-35.0
66.4	777.7777777778128	42.7	-36.0
66.58	882.3529411764533	42.84	-35.1
66.75	823.529411764701	42.99	-32.7
66.92	777.7777777778128	43.13	-31.9
67.1	882.3529411764533	43.27	-31.1
67.27	777.7777777777515	43.42	-34.3
67.45	882.3529411764533	43.56	-35.8
67.62	777.7777777778128	43.71	-35.1
67.8	882.3529411764533	43.85	-36.0
67.97	777.7777777777515	44.0	-35.0
68.15	882.3529411765272	44.14	-34.5
68.32	777.7777777777515	44.29	-34.3
68.5	882.3529411764533	44.43	-34.1
68.67	777.7777777778128	44.58	-35.5
68.85	882.3529411764533	44.72	-35.3
69.02	833.3333333333334	44.87	-34.4
69.2	823.5294117646592	45.02	-32.1
69.37	833.3333333333991	45.16	-31.6
69.55	823.529411764701	45.31	-32.6
69.72	833.3333333332938	45.45	-34.4
69.9	823.5294117647697	45.6	-36.2
70.07	882.3529411764533	45.74	-35.7
70.24	777.7777777777515	45.89	-35.6
70.42	882.3529411764533	46.03	-35.2
70.59	777.7777777778128	46.18	-36.0
70.77	882.3529411764533	46.32	-35.3
70.94	823.529411764701	46.47	-32.9
71.11	833.3333333332938	46.61	-33.8
71.29	823.5294117647697	46.76	-34.3
71.46	882.3529411764533	46.9	-34.4
71.63	833.3333333333334	47.05	-35.2
71.81	823.529411764701	47.2	-33.9
71.98	882.3529411764533	47.34	-32.6
72.15	777.7777777778128	47.49	-34.5
72.33	882.3529411764533	47.63	-35.4
72.5	823.529411764701	47.78	-35.5
72.67	823.529411764701	47.92	-34.0
72.84	882.3529411764533	48.06	-35.3
73.01	823.529411764701	48.21	-35.8
73.18	833.3333333333596	48.35	-34.6
73.36	823.529411764701	48.5	-34.8
73.53	882.3529411764533	48.64	-33.4
73.7	823.529411764701	48.79	-32.3
73.87	823.529411764701	48.93	-33.4
74.04	882.3529411765272	49.07	-36.9
74.21	823.529411764701	49.22	-38.0
74.38	882.3529411764533	49.36	-36.1
74.55	823.529411764701	49.51	-35.2
74.72	823.529411764701	49.65	-35.1
74.89	882.3529411764533	49.79	-35.5
75.06	823.529411764701	49.94	-35.9
75.23	882.3529411764533	50.08	-36.4
75.4	823.5294117647697	50.23	-37.8
75.57	882.3529411764952	50.37	-37.5
75.74	823.5294117646592	50.52	-35.2
75.91	823.529411764701	50.66	-34.4
76.08	882.3529411764952	50.8	-33.7
76.25	823.529411764701	50.95	-34.0
76.42	882.3529411764533	51.09	-33.2
76.59	823.529411764701	51.24	-31.7
76.76	823.529411764701	51.38	-32.5
76.93	882.3529411765272	51.52	-32.6
77.1	823.529411764701	51.67	-34.6
77.27	882.3529411764533	51.81	-35.5
77.44	823.529411764701	51.96	-35.3
77.61	882.3529411764533	52.1	-34.3
77.78	823.529411764701	52.25	-34.6
77.95	823.529411764701	52.39	-34.7
78.12	882.3529411764533	52.53	-34.9
78.29	823.5294117647697	52.68	-35.7
78.46	882.3529411764533	52.82	-34.8
78.63	874.9999999999445	52.97	-35.3
78.79	882.3529411765272	53.11	-35.8
78.96	823.529411764701	53.26	-34.1
79.13	823.529411764701	53.4	-34.1
79.3	882.3529411764533	53.54	-34.6
79.47	823.529411764701	53.69	-34.4
79.64	882.3529411764533	53.83	-33.6
79.81	823.529411764701	53.98	-33.5
79.98	875.0000000000222	54.12	-34.1
80.14	882.3529411764533	54.26	-34.6
80.31	823.529411764701	54.41	-35.2
80.48	882.3529411764952	54.55	-35.0
80.65	823.5294117647697	54.7	-35.6
80.82	937.4999999999278	54.84	-35.1
80.98	823.529411764701	54.99	-34.1
81.15	823.5294117647697	55.13	-33.2
81.32	882.3529411764533	55.27	-33.7
81.49	823.529411764701	55.42	-34.8
81.66	937.5000000000111	55.56	-34.8
81.82	823.529411764701	55.71	-34.1
81.99	823.529411764701	55.85	-34.1
82.16	882.3529411764533	55.99	-33.7
82.33	875.0000000000222	56.14	-34.5
82.49	882.3529411764533	56.28	-36.0
82.66	823.529411764701	56.43	-35.2
82.83	882.3529411764533	56.57	-34.1
83.0	875.0000000000222	56.72	-33.6
83.16	823.529411764701	56.86	-35.1
83.33	882.3529411764533	57.0	-34.4
83.5	823.529411764701	57.15	-35.0
83.67	937.5000000000111	57.29	-35.0
83.83	823.529411764701	57.44	-34.0
84.0	823.529411764701	57.58	-34.2
84.17	937.5000000000111	57.72	-34.0
84.33	823.529411764701	57.87	-34.7
84.5	882.3529411764533	58.01	-33.6
84.67	875.0000000000222	58.16	-33.4
84.83	882.3529411764952	58.3	-34.7
85.0	823.529411764701	58.45	-34.9
85.17	874.9999999999778	58.59	-34.7
85.33	882.3529411764952	58.73	-33.9
85.5	823.529411764701	58.88	-33.1
85.67	937.5000000000111	59.02	-35.1
85.83	823.529411764701	59.17	-35.4
86.0	882.3529411764533	59.31	-34.6
86.17	875.0000000000222	59.46	-35.1
86.33	823.529411764701	59.6	-34.8
86.5	882.3529411764533	59.74	-34.3
86.67	875.0000000000222	59.89	-33.0
86.83	882.3529411764533	60.03	-32.8
87.0	875.0000000000222	60.18	-33.4
87.16	823.529411764701	60.32	-33.4
87.33	937.5000000000111	60.46	-33.4
87.49	823.529411764701	60.61	-33.1
87.66	882.3529411764533	60.75	-33.9
87.83	875.0000000000222	60.9	-36.0
87.99	882.3529411764533	61.04	-35.1
88.16	875.0000000000222	61.19	-33.5
88.32	823.529411764701	61.33	-34.0
88.49	882.3529411764533	61.47	-33.6
88.66	875.0000000000222	61.62	-34.7
88.82	882.3529411764533	61.76	-34.5
88.99	874.9999999999445	61.91	-32.0
89.15	823.5294117647697	62.05	-32.9
89.32	937.4999999999723	62.19	-33.5
89.48	823.5294117646592	62.34	-34.5
89.65	937.5000000000555	62.48	-34.9
89.81	823.529411764701	62.63	-34.4
89.98	937.5000000000111	62.77	-34.6
90.14	823.529411764701	62.92	-36.5
90.31	875.0000000000222	63.06	-35.0
90.47	882.3529411764533	63.2	-33.9
90.64	875.0000000000222	63.35	-34.2
90.8	882.3529411764533	63.49	-34.2
90.97	875.0000000000222	63.64	-32.4
91.13	823.529411764701	63.78	-33.0
91.3	937.4999999999667	63.92	-34.3
91.46	823.529411764701	64.07	-33.1
91.63	937.4999999999723	64.21	-33.4
91.79	823.5294117647697	64.36	-32.5
91.96	937.4999999999723	64.5	-32.7
92.12	823.529411764701	64.65	-35.2
92.29	875.0000000000222	64.79	-35.7
92.45	882.3529411764116	64.93	-36.5
92.62	875.0000000000222	65.08	-36.1
92.78	937.5000000000555	65.22	-35.5
92.94	823.529411764701	65.37	-34.6
93.11	937.4999999999667	65.51	-33.0
93.27	823.529411764701	65.66	-34.0
93.44	875.0000000000222	65.8	-34.7
93.6	882.3529411764952	65.94	-36.0
93.77	874.9999999999445	66.09	-35.1
93.93	937.4999999999667	66.23	-34.8
94.09	823.529411764701	66.38	-34.4
94.26	875.0000000000222	66.52	-33.5
94.42	882.3529411764952	66.66	-33.2
94.59	875.0000000000222	66.81	-33.2
94.75	937.4999999999667	66.95	-34.5
94.91	823.529411764701	67.1	-36.3
95.08	937.5000000000555	67.24	-35.8
95.24	823.529411764701	67.39	-34.2
95.41	875.0000000000222	67.53	-33.1
95.57	937.4999999998835	67.67	-35.2
95.73	823.529411764701	67.82	-34.6
95.9	937.5000000000555	67.96	-34.2
96.06	875.0000000000222	68.11	-36.9
96.22	823.529411764701	68.25	-36.4
96.39	937.5000000000555	68.39	-34.9
96.55	823.529411764701	68.54	-34.8
96.72	937.4999999999667	68.68	-34.8
96.88	874.9999999999445	68.83	-36.2
97.04	882.352941176569	68.97	-36.3
97.21	874.9999999999445	69.12	-34.5
97.37	875.0000000000222	69.26	-33.6
97.53	882.3529411764116	69.4	-34.0
97.7	875.0000000000222	69.55	-34.7
97.86	937.5000000000555	69.69	-34.2
98.02	823.529411764701	69.84	-33.9
98.19	875.0000000000222	69.98	-35.6
98.35	937.4999999998835	70.12	-35.2
98.51	823.529411764701	70.27	-35.5
98.68	937.5000000000555	70.41	-33.6
98.84	875.0000000000222	70.56	-33.0
99.0	937.4999999999667	70.7	-33.9
99.16	823.529411764701	70.85	-37.3
99.33	875.0000000000222	70.99	-31.8
99.49	937.4999999999723	71.13	-31.6
99.65	823.5294117647697	71.28	-32.5
99.82	937.4999999998835	71.42	-34.0
99.98	875.0000000000222	71.57	-33.6
100.14	937.5000000000555	71.71	-33.5
100.3	823.529411764701	71.86	-34.0
100.47	875.0000000000222	72.0	-33.1
100.63	937.4999999999723	72.14	-32.1
100.79	823.5294117647697	72.29	-33.4
100.96	937.4999999998835	72.43	-33.6
101.12	875.0000000000222	72.58	-33.8
101.28	875.0000000000222	72.72	-33.0
101.44	882.3529411764952	72.86	-33.1
101.61	875.0000000000222	73.01	-33.8
101.77	937.4999999998835	73.15	-35.5
101.93	875.0000000000222	73.3	-36.4
102.09	882.3529411764952	73.44	-35.1
102.26	875.0000000000222	73.59	-33.4
102.42	875.0000000000222	73.73	-35.1
102.58	937.4999999999667	73.87	-35.9
102.74	874.9999999999445	74.02	-34.3
102.9	882.352941176569	74.16	-34.4
103.07	874.9999999999445	74.31	-35.0
103.23	875.0000000000222	74.45	-34.9
103.39	937.4999999999667	74.59	-35.5
103.55	823.529411764701	74.74	-32.9
103.72	937.5000000000555	74.88	-33.4
103.88	874.9999999999445	75.03	-34.7
104.04	937.4999999999667	75.17	-33.4
104.2	875.0000000000222	75.32	-33.3
104.36	823.529411764701	75.46	-34.2
104.53	937.5000000000555	75.6	-35.0
104.69	875.0000000000222	75.75	-35.5
104.85	937.4999999999723	75.89	-35.1
105.01	875.0000000000222	76.04	-34.9
105.17	874.9999999999334	76.18	-35.5
105.33	882.3529411764952	76.32	-34.3
105.5	875.0000000000222	76.47	-33.6
105.66	937.5000000000555	76.61	-34.8
105.82	874.9999999999445	76.76	-35.6
105.98	937.4999999999667	76.9	-34.2
106.14	875.0000000000222	77.05	-34.8
106.3	823.529411764701	77.19	-34.8
106.47	937.5000000000555	77.33	-34.3
106.63	874.9999999999445	77.48	-35.4
106.79	937.4999999999667	77.62	-37.1
106.95	875.0000000000222	77.77	-36.0
107.11	937.5000000000555	77.91	-34.6
107.27	823.529411764701	78.06	-33.3
107.44	875.0000000000222	78.2	-34.4
107.6	937.4999999998835	78.34	-35.3
107.76	875.0000000000222	78.49	-32.8
107.92	937.5000000000555	78.63	-33.1
108.08	875.0000000000222	78.78	-33.8
108.24	874.9999999999445	78.92	-35.5
108.4	882.3529411764853	79.06	-35.4
108.57	874.9999999999445	79.21	-34.0
108.73	937.5000000000555	79.35	-32.8
108.89	875.0000000000222	79.5	-35.0
109.05	937.5000000000555	79.64	-34.9
109.21	874.9999999999445	79.79	-35.6
109.37	874.9999999999334	79.93	-35.2
109.53	937.5000000000555	80.07	-33.3
109.69	875.0000000000222	80.22	-32.9
109.85	882.3529411764952	80.36	-35.2
110.02	874.9999999999445	80.51	-36.2
110.18	875.0000000000222	80.65	-35.3
110.34	937.4999999999667	80.79	-34.9
110.5	875.0000000000222	80.94	-34.6
110.66	937.5000000000555	81.08	-36.0
110.82	874.9999999999445	81.23	-34.3
110.98	937.4999999999667	81.37	-32.8
111.14	875.0000000000222	81.52	-33.8
111.3	875.0000000000222	81.66	-33.5
111.46	937.4999999999723	81.8	-32.7
111.62	823.529411764701	81.95	-31.9
111.79	937.4999999999667	82.09	-32.9
111.95	875.0000000000222	82.24	-34.1
112.11	937.5000000000555	82.38	-33.7
112.27	874.9999999999445	82.53	-32.7
112.43	875.0000000000222	82.67	-32.7
112.59	937.4999999999667	82.81	-31.5
112.75	875.0000000000222	82.96	-32.4
112.91	937.5000000000555	83.1	-33.6
113.07	874.9999999999445	83.25	-32.9
113.23	875.0000000000222	83.39	-33.6
113.39	937.5000000000555	83.53	-33.1
113.55	874.9999999999334	83.68	-32.2
113.71	937.4999999999723	83.82	-33.1
113.87	875.0000000000222	83.97	-34.2
114.03	937.5000000000555	84.11	-32.9
114.19	875.0000000000222	84.26	-31.8
114.35	823.529411764701	84.4	-32.2
114.52	937.4999999998835	84.54	-34.1
114.68	875.0000000000222	84.69	-33.5
114.84	937.5000000000555	84.83	-33.2
115.0	875.0000000000222	84.98	-34.2
115.16	875.0000000000222	85.12	-35.4
115.32	937.4999999998835	85.26	-34.2
115.48	875.0000000000222	85.41	-33.0
115.64	937.5000000000555	85.55	-33.9
115.8	875.0000000000222	85.7	-33.8
115.96	937.4999999998835	85.84	-32.4
116.12	875.0000000000222	85.99	-31.6
116.28	875.0000000000222	86.13	-33.7
116.44	937.5000000000555	86.27	-34.2
116.6	874.9999999999445	86.42	-34.5
116.76	937.4999999999667	86.56	-34.6
116.92	875.0000000000222	86.71	-33.8
117.08	875.0000000000222	86.85	-32.9
117.24	937.4999999999723	86.99	-32.7
117.4	875.0000000000222	87.14	-32.8
117.56	937.5000000000555	87.28	-33.1
117.72	874.9999999999334	87.43	-34.2
117.88	937.4999999999723	87.57	-37.6
118.04	875.0000000000222	87.72	-37.1
118.2	875.0000000000222	87.86	-34.8
118.36	937.5000000000555	88.0	-35.0
118.52	874.9999999999445	88.15	-35.8
118.68	937.4999999999667	88.29	-36.1
118.84	875.0000000000222	88.44	-36.3
119.0	937.5000000000555	88.58	-35.0
119.16	875.0000000000222	88.73	-32.7
119.32	874.9999999999445	88.87	-31.6
119.48	937.4999999999667	89.01	-33.4
119.64	875.0000000000222	89.16	-33.7
119.8	937.5000000000555	89.3	-34.7
119.96	874.9999999999445	89.45	-35.4
120.12	875.0000000000222	89.59	-35.0
120.28	937.4999999999667	89.73	-34.2
120.44	875.0000000000222	89.88	-34.3
