depth	d18O	depth_BD	d18O_BD
64.725	-33.22	64.72657578454738	-32.344649090542
64.752	-33.53	64.73962676493953	-32.73266747380965
64.779	-33.99	64.75267774533168	-33.217569000694006
64.807	-34.36	64.76572872572383	-33.74892440928109
64.834	-34.46	64.77877970611598	-34.276128906245866
64.861	-34.44	64.79183068650813	-34.74780666495225
64.889	-34.34	64.80488166690029	-35.116416100023606
64.916	-34.07	64.81793264729244	-35.352048558439385
64.943	-33.9	64.83098362768459	-35.43484806998244
64.971	-34.1	64.84403460807674	-35.36766174700912
64.998	-34.34	64.85708558846889	-35.163934796629036
65.02600000000001	-34.67	64.87013656886104	-34.85626022621366
65.053	-35.17	64.88318754925321	-34.484024149960476
65.08	-35.36	64.89623852964536	-34.09367483721282
65.108	-35.6	64.90928951003751	-33.73180380688995
65.135	-35.52	64.92234049042966	-33.43767204560653
65.16199999999999	-35.39	64.93539147082181	-33.24452847568445
65.19	-34.99	64.94844245121396	-33.16853645757714
65.217	-34.23	64.96149343160612	-33.217162910643026
65.244	-33.85	64.97454441199827	-33.3803217640479
65.271	-33.29	64.98759539239042	-33.64099622578186
65.29899999999999	-32.87	65.00064637278257	-33.97239526388911
65.32600000000001	-32.59	65.01369735317472	-34.34526919971413
65.35300000000001	-32.88	65.02674833356687	-34.73062047695449
65.381	-33.41	65.03979931395902	-35.101097894252966
65.408	-34.25	65.05285029435119	-35.43577481455116
65.435	-35.23	65.06590127474334	-35.71716402753897
65.46300000000001	-35.86	65.07895225513549	-35.93506659263706
65.49	-36.37	65.09200323552764	-36.08255854408821
65.517	-36.5	65.1050542159198	-36.158470914061
65.544	-36.53	65.11810519631194	-36.164173869701266
65.572	-36.58	65.1311561767041	-36.105405352524954
65.59899999999999	-36.55	65.14420715709625	-35.989550094328365
65.626	-36.76	65.1572581374884	-35.82621214257895
65.653	-36.78	65.17030911788055	-35.62497273501317
65.681	-36.89	65.1833600982727	-35.39319177211354
65.708	-36.79	65.19641107866485	-35.13608688021482
65.735	-36.47	65.209462059057	-34.852675453242554
65.762	-36.57	65.22251303944917	-34.53954106511754
65.79	-35.9	65.23556401984132	-34.189683133225564
65.817	-35.14	65.24861500023347	-33.79714604036169
65.844	-34.86	65.26166598062562	-33.363246001892264
65.87100000000001	-34.73	65.27471696101777	-32.89575535156427
65.899	-34.41	65.28776794140992	-32.420320895947434
65.926	-34.55	65.30081892180208	-31.970887437513372
65.953	-34.66	65.31386990219423	-31.59668359841336
65.98	-34.97	65.32692088258638	-31.34935634088114
66.007	-35.38	65.33997186297853	-31.276196685772888
66.035	-35.9	65.35302284337068	-31.4157236284269
66.062	-35.96	65.36607382376283	-31.777773664111727
66.089	-35.7	65.379124804155	-32.355280332296765
66.116	-35.35	65.39217578454715	-33.10348060339037
66.143	-34.76	65.4052267649393	-33.963121656898
66.171	-34.51	65.41827774533145	-34.853665099949225
66.19800000000001	-34.14	65.4313287257236	-35.69271510141846
66.225	-34.24	65.44437970611575	-36.408654399395374
66.252	-34.29	65.4574306865079	-36.942336025199616
66.279	-34.55	65.47048166690006	-37.270585257155865
66.307	-35.15	65.48353264729221	-37.38869568734176
66.334	-35.6	65.49658362768436	-37.32898944914295
66.361	-35.84	65.50963460807651	-37.13633528291738
66.388	-35.7	65.52268558846866	-36.87084379048178
66.415	-35.38	65.53573656886081	-36.59264469178275
66.442	-34.97	65.54878754925298	-36.350171929028775
66.47	-34.74	65.56183852964513	-36.18218564803468
66.497	-34.69	65.57488951003728	-36.1027267302337
66.524	-34.55	65.58794049042943	-36.11514924426782
66.551	-34.88	65.60099147082158	-36.204459835008755
66.578	-35.47	65.61404245121373	-36.35078352735088
66.605	-35.61	65.62709343160589	-36.531059451685785
66.632	-35.66	65.64014441199804	-36.72321700109032
66.66	-35.21	65.65319539239019	-36.91085590054741
66.687	-34.59	65.66624637278234	-37.07976417537167
66.714	-33.78	65.67929735317449	-37.219052103397836
66.741	-33.14	65.69234833356664	-37.31803997956302
66.768	-32.48	65.7053993139588	-37.364415709505245
66.795	-32.3	65.71845029435096	-37.34590540388447
66.822	-32.1	65.73150127474311	-37.251491745481346
66.84899999999999	-32.0	65.74455225513526	-37.07362992910613
66.876	-31.9	65.75760323552741	-36.81534570918594
66.904	-31.99	65.77065421591956	-36.4860786183656
66.931	-32.5	65.78370519631171	-36.10912152605084
66.958	-33.11	65.79675617670387	-35.711628080218965
66.985	-33.72	65.80980715709602	-35.32411465865859
67.012	-34.51	65.82285813748817	-34.974022217918666
67.039	-35.01	65.83590911788032	-34.67671788367101
67.066	-35.21	65.84896009827247	-34.440341292837864
67.093	-35.63	65.86201107866462	-34.25769956940734
67.12	-35.69	65.87506205905677	-34.118085247626944
67.14699999999999	-35.3	65.88811303944894	-34.009323984335666
67.17399999999999	-34.92	65.90116401984109	-33.92348085046033
67.20100000000001	-34.27	65.91421500023324	-33.866850043465
67.229	-33.79	65.92726598062539	-33.852395365046384
67.256	-33.15	65.94031696101754	-33.905183835888884
67.283	-32.86	65.9533679414097	-34.049748402846596
67.31	-32.28	65.96641892180185	-34.30169029447926
67.337	-32.38	65.979469902194	-34.66580005490872
67.36399999999999	-32.82	65.99252088258615	-35.11896160934006
67.391	-33.14	66.0055718629783	-35.62516478808137
67.418	-33.39	66.01862284337045	-36.12537727440546
67.445	-33.72	66.0316738237626	-36.55778617216221
67.472	-33.85	66.04472480415475	-36.86538427370394
67.499	-33.94	66.05777578454692	-37.00256885886595
67.52600000000001	-33.94	66.07082676493907	-36.955247311376446
67.553	-33.94	66.08387774533122	-36.726431277353434
67.58	-34.19	66.09692872572337	-36.35254245739783
67.607	-34.18	66.10997970611552	-35.879697874130215
67.634	-34.57	66.12303068650768	-35.364370095531896
67.661	-35.06	66.13608166689983	-34.859780303214755
67.688	-35.48	66.14913264729198	-34.40402867434711
67.715	-35.65	66.16218362768413	-34.025228523683154
67.742	-35.55	66.17523460807628	-33.73045092138285
67.76899999999999	-35.35	66.18828558846843	-33.52046847835938
67.796	-35.12	66.20133656886058	-33.388857621049304
67.82300000000001	-34.68	66.21438754925275	-33.33036701134194
67.85	-34.26	66.2274385296449	-33.34680768763692
67.877	-33.93	66.24048951003705	-33.44294803366637
67.904	-33.72	66.2535404904292	-33.628388453721115
67.931	-33.78	66.26659147082135	-33.909869003528385
67.958	-34.14	66.2796424512135	-34.283637419367345
67.985	-34.45	66.29269343160566	-34.73692210778283
68.012	-34.68	66.30574441199781	-35.23682599400433
68.039	-34.43	66.31879539238996	-35.74296047200197
68.066	-33.81	66.33184637278211	-36.20383515029841
68.093	-32.87	66.34489735317426	-36.569636635572884
68.12	-32.25	66.35794833356641	-36.800473897625366
68.14699999999999	-31.73	66.37099931395856	-36.86715692787937
68.17399999999999	-31.53	66.38405029435073	-36.76517087968469
68.20100000000001	-31.21	66.39710127474288	-36.50251257459572
68.22800000000001	-31.32	66.41015225513503	-36.10981819303067
68.255	-31.78	66.42320323552718	-35.62511185330376
68.281	-32.29	66.43625421591933	-35.09607124631356
68.308	-33.29	66.44930519631149	-34.57121675330117
68.335	-33.63	66.46235617670364	-34.097005045082774
68.362	-33.98	66.47540715709579	-33.71646781947075
68.389	-34.03	66.48845813748794	-33.46443240388214
68.416	-33.92	66.50150911788009	-33.36922841210635
68.443	-33.59	66.51456009827224	-33.44558360264212
68.47	-33.24	66.52761107866439	-33.697963310250074
68.497	-33.04	66.54066205905654	-34.109746143605754
68.524	-32.71	66.55371303944871	-34.65164848404473
68.551	-32.8	66.56676401984086	-35.270325696640235
68.578	-33.3	66.57981500023301	-35.90351688526671
68.604	-33.31	66.59286598062516	-36.475921300770544
68.631	-33.93	66.60591696101731	-36.91466437627961
68.658	-34.24	66.61896794140947	-37.15842407141436
68.685	-34.8	66.63201892180162	-37.16165232745904
68.712	-34.88	66.64506990219377	-36.914295457806645
68.73899999999999	-34.43	66.65812088258592	-36.42801529788955
68.766	-34.8	66.67117186297807	-35.755263365658045
68.793	-34.72	66.68422284337022	-34.96303171463933
68.82	-34.65	66.69727382376237	-34.13885623305108
68.846	-34.91	66.71032480415452	-33.36781942578123
68.873	-36.05	66.72337578454669	-32.72100482118252
68.9	-36.27	66.73642676493884	-32.2511914893295
68.92699999999999	-37.27	66.74947774533099	-31.97123172466055
68.954	-37.94	66.76252872572314	-31.872171418564466
68.98100000000001	-38.73	66.7755797061153	-31.906451375522046
69.008	-38.99	66.78863068650745	-32.01647021263627
69.03399999999999	-39.02	66.8016816668996	-32.13434034829343
69.061	-38.89	66.81473264729175	-32.20066518064963
69.08800000000001	-38.63	66.8277836276839	-32.180281367436926
69.115	-38.29	66.84083460807605	-32.0577033826444
69.142	-37.79	66.8538855884682	-31.856029096588156
69.169	-37.37	66.86693656886035	-31.613328955158714
69.195	-36.99	66.87998754925252	-31.389813062545144
69.222	-36.08	66.89303852964467	-31.244419210845344
69.249	-35.59	66.90608951003682	-31.225441326641874
69.27600000000001	-35.32	66.91914049042897	-31.36575404525327
69.303	-34.63	66.93219147082112	-31.665661631872435
69.33	-34.25	66.94524245121328	-32.10902195104634
69.35600000000001	-33.44	66.95829343160543	-32.65226863430628
69.383	-32.82	66.97134441199758	-33.24656689704088
69.41	-32.68	66.98439539238973	-33.8399240458849
69.437	-32.38	66.99744637278188	-34.387547399880994
69.464	-32.29	67.01049735317403	-34.86219481387401
69.49	-32.5	67.02354833356618	-35.24752771439285
69.517	-33.07	67.03659931395833	-35.546456519507835
69.544	-33.93	67.0496502943505	-35.76730893947548
69.571	-34.54	67.06270127474265	-35.92462560812904
69.598	-34.83	67.0757522551348	-36.03130039036194
69.624	-34.54	67.08880323552695	-36.094613142838554
69.65100000000001	-34.1	67.1018542159191	-36.11816485907865
69.678	-33.72	67.11490519631126	-36.099067016878
69.705	-32.96	67.1279561767034	-36.033267873913495
69.73100000000001	-32.67	67.14100715709556	-35.916084814902916
69.758	-32.33	67.15405813748771	-35.744001521998875
69.785	-32.19	67.16710911787986	-35.51624877661861
69.812	-32.19	67.18016009827201	-35.23328096394057
69.839	-32.29	67.19321107866416	-34.89742993113411
69.865	-32.7	67.20626205905631	-34.512431616367216
69.892	-32.99	67.21931303944848	-34.08454178926721
69.919	-33.12	67.23236401984063	-33.62363838401277
69.946	-32.92	67.24541500023278	-33.14669087604498
69.972	-32.66	67.25846598062493	-32.67578054327424
69.999	-32.05	67.27151696101708	-32.241927388372126
70.02600000000001	-31.32	67.28456794140924	-31.877638713132193
70.05199999999999	-30.94	67.29761892180139	-31.616104037038593
70.079	-30.6	67.31066990219354	-31.483964438358377
70.10600000000001	-30.68	67.32372088258569	-31.493865082242632
70.133	-30.71	67.33677186297784	-31.646350488130345
70.15899999999999	-31.22	67.34982284336999	-31.92037617547451
70.186	-32.07	67.36287382376214	-32.28577625297522
70.21300000000001	-32.94	67.3759248041543	-32.69910384499587
70.24	-33.41	67.38897578454646	-33.11738121387386
70.266	-33.6	67.40202676493861	-33.502027470664125
70.293	-33.8	67.41507774533076	-33.82279037139207
70.32	-33.74	67.42812872572291	-34.065350601916826
70.346	-33.61	67.44117970611507	-34.22379932725488
70.373	-33.41	67.45423068650722	-34.3053415435364
70.4	-33.56	67.46728166689937	-34.32011753158729
70.426	-33.76	67.48033264729152	-34.280977496147024
70.453	-33.81	67.49338362768367	-34.1998587041739
70.48	-33.86	67.50643460807582	-34.08623519119984
70.506	-34.33	67.51948558846797	-33.950132003733636
70.533	-34.36	67.53253656886012	-33.8032718236671
70.56	-34.44	67.54558754925228	-33.66091381923345
70.587	-34.32	67.55863852964444	-33.54489052545392
70.613	-34.25	67.57168951003659	-33.478702903974614
70.64	-33.92	67.58474049042874	-33.48756432385874
70.667	-33.99	67.5977914708209	-33.59091474273148
70.693	-34.37	67.61084245121305	-33.79652190315897
70.72	-34.79	67.6238934316052	-34.100398442278504
70.74600000000002	-35.24	67.63694441199735	-34.47843727730523
70.773	-35.64	67.6499953923895	-34.89788277674972
70.8	-35.95	67.66304637278165	-35.31384765549289
70.82600000000002	-35.84	67.6760973531738	-35.68410020903018
70.85300000000002	-35.69	67.68914833356595	-35.974148542909646
70.88	-35.44	67.7021993139581	-36.16164562435526
70.906	-35.15	67.71525029435027	-36.24558756541448
70.933	-34.66	67.72830127474242	-36.23543521876088
70.96	-34.17	67.74135225513457	-36.15579343819952
70.986	-33.49	67.75440323552672	-36.03048822355719
71.013	-33.25	67.76745421591887	-35.878720255409505
71.04	-33.14	67.78050519631103	-35.71002085479245
71.066	-33.06	67.79355617670318	-35.51696429044064
71.093	-33.33	67.80660715709533	-35.28622269218747
71.119	-33.64	67.81965813748748	-34.997091836172785
71.146	-34.17	67.83270911787963	-34.6367592218169
71.173	-34.7	67.84576009827178	-34.20837056393566
71.199	-35.17	67.85881107866393	-33.73245100168987
71.226	-35.27	67.8718620590561	-33.25794715122321
71.252	-35.15	67.88491303944825	-32.84385659848021
71.279	-34.88	67.8979640198404	-32.5617144280765
71.306	-34.72	67.91101500023255	-32.47154289761826
71.332	-34.77	67.9240659806247	-32.610224958032305
71.359	-34.63	67.93711696101686	-32.98492443708887
71.385	-34.75	67.950167941409	-33.55420851479162
71.41199999999998	-35.19	67.96321892180116	-34.24993248118992
71.439	-35.58	67.97626990219331	-34.96578841128684
71.465	-35.66	67.98932088258546	-35.59413168936011
71.492	-35.44	68.00237186297761	-36.03205276486385
71.518	-34.75	68.01542284336976	-36.20421966971853
71.545	-34.35	68.02847382376191	-36.08262363857878
71.571	-33.7	68.04152480415408	-35.675621907194355
71.598	-33.1	68.05457578454623	-35.04616693640155
71.625	-32.4	68.06762676493838	-34.27488298163873
71.65100000000002	-32.2	68.08067774533053	-33.463199854075775
71.678	-32.31	68.09372872572268	-32.70040891617414
71.704	-32.95	68.10677970611484	-32.051445766644946
71.73100000000002	-33.71	68.11983068650699	-31.55374371814339
71.757	-34.54	68.13288166689914	-31.202224568891413
71.78399999999998	-34.73	68.14593264729129	-30.97462097200268
71.81	-34.91	68.15898362768344	-30.826851832745206
71.837	-35.05	68.17203460807559	-30.720732984209288
71.863	-34.92	68.18508558846774	-30.631548713726836
71.89	-34.81	68.1981365688599	-30.552880316142932
71.917	-34.71	68.21118754925206	-30.506474374470095
71.943	-35.1	68.22423852964421	-30.523157094194808
71.97	-35.6	68.23728951003636	-30.644146548407903
71.99600000000002	-35.87	68.25034049042851	-30.89989295541231
72.023	-36.27	68.26339147082066	-31.30149497797142
72.04899999999998	-36.32	68.27644245121282	-31.83908270433622
72.07600000000002	-36.31	68.28949343160497	-32.47165377260391
72.102	-35.98	68.30254441199712	-33.14596305554936
72.12899999999998	-35.3	68.31559539238927	-33.79378599300128
72.155	-34.41	68.32864637278142	-34.35325925972323
72.182	-33.75	68.34169735317357	-34.7750618234221
72.208	-33.04	68.35474833356572	-35.028257755126056
72.235	-32.48	68.36779931395787	-35.1094253852655
72.26100000000002	-32.5	68.38085029435004	-35.030943445800915
72.288	-32.82	68.39390127474219	-34.8262222789617
72.314	-33.19	68.40695225513434	-34.53273309838578
72.34100000000002	-33.42	68.4200032355265	-34.191311237568954
72.367	-33.33	68.43305421591865	-33.836974847605966
72.39399999999998	-33.27	68.4461051963108	-33.4951686362179
72.42	-32.73	68.45915617670295	-33.183657322687424
72.446	-32.36	68.4722071570951	-32.90961724790491
72.473	-32.36	68.48525813748725	-32.67685708636358
72.499	-32.26	68.4983091178794	-32.48544835060393
72.52600000000002	-32.54	68.51136009827155	-32.33694046244001
72.55199999999998	-32.99	68.5244110786637	-32.23564327211546
72.579	-34.08	68.53746205905585	-32.18848898040727
72.605	-35.04	68.55051303944802	-32.20599455546293
72.632	-35.88	68.56356401984017	-32.2980317609118
72.658	-36.16	68.57661500023232	-32.47295816367235
72.685	-35.88	68.58966598062447	-32.73328841683435
72.711	-35.15	68.60271696101663	-33.07289275316064
72.737	-34.5	68.61576794140878	-33.47697944288801
72.764	-33.63	68.62881892180093	-33.918924354581556
72.79	-32.91	68.64186990219308	-34.36648874685884
72.817	-32.22	68.65492088258523	-34.78066428292449
72.843	-32.2	68.66797186297738	-35.12514528331445
72.87	-32.45	68.68102284336953	-35.368550711586934
72.896	-33.23	68.69407382376168	-35.490450953562785
72.923	-33.72	68.70712480415384	-35.48591605929998
72.949	-34.09	68.720175784546	-35.363001076236095
72.975	-34.25	68.73322676493815	-35.14677982143587
73.002	-34.34	68.7462777453303	-34.86957357883382
73.028	-34.38	68.75932872572245	-34.572107441937405
73.055	-34.39	68.7723797061146	-34.2933008330283
73.081	-34.46	68.78543068650676	-34.068450635973974
73.107	-34.5	68.79848166689891	-33.92511967173459
73.134	-34.31	68.81153264729106	-33.88023993056193
73.16	-34.18	68.82458362768321	-33.94313724652973
73.187	-33.87	68.83763460807536	-34.1135614934986
73.21300000000002	-33.75	68.85068558846751	-34.3872880760738
73.23899999999998	-33.65	68.86373656885966	-34.75553465794866
73.266	-33.54	68.87678754925182	-35.20771969669069
73.292	-33.56	68.88983852964398	-35.73117664888617
73.318	-33.6	68.90288951003613	-36.310092299945616
73.345	-33.89	68.91594049042828	-36.92445512852886
73.37100000000002	-34.15	68.92899147082043	-37.54948773649748
73.398	-34.05	68.94204245121259	-38.154324832878544
73.42399999999998	-34.03	68.95509343160474	-38.706477395956114
73.45	-33.67	68.96814441199689	-39.17201275079374
73.477	-33.34	68.98119539238904	-39.523574145213004
73.503	-33.01	68.99424637278119	-39.74305462334452
73.529	-32.85	69.00729735317334	-39.82559973611373
73.556	-32.91	69.0203483335655	-39.78336137206851
73.582	-33.09	69.03339931395766	-39.639381426258964
73.609	-33.44	69.0464502943498	-39.42949992392056
73.635	-33.74	69.05950127474196	-39.18912965926721
73.661	-33.85	69.07255225513411	-38.951684684521936
73.688	-33.66	69.08560323552626	-38.73910483593046
73.714	-33.52	69.09865421591842	-38.55826802439305
73.74	-33.13	69.11170519631057	-38.403869870855544
73.767	-32.66	69.12475617670272	-38.25612587934879
73.793	-32.3	69.13780715709487	-38.09337832612404
73.819	-31.96	69.15085813748702	-37.89304991166561
73.846	-31.54	69.16390911787917	-37.64196933995605
73.872	-31.15	69.17696009827132	-37.33931442880937
73.898	-31.12	69.19001107866347	-36.99492505686848
73.925	-31.23	69.20306205905563	-36.63114948239514
73.95100000000002	-31.56	69.21611303944779	-36.27154000714307
73.977	-32.54	69.22916401983994	-35.93990643092996
74.003	-33.58	69.2422150002321	-35.651293807899904
74.03	-33.84	69.25526598062424	-35.40952233283717
74.056	-34.02	69.2683169610164	-35.20904647107322
74.082	-33.89	69.28136794140855	-35.03353966627575
74.109	-33.73	69.2944189218007	-34.865014150366534
74.135	-33.54	69.30746990219285	-34.68440261890684
74.161	-33.23	69.320520882585	-34.47739885425832
74.188	-33.12	69.33357186297715	-34.23572454577655
74.214	-32.95	69.3466228433693	-33.955339363574986
74.24	-32.96	69.35967382376145	-33.63695333116227
74.266	-33.09	69.37272480415362	-33.282943815822854
74.293	-33.52	69.38577578454577	-32.897489583593966
74.319	-33.83	69.39882676493792	-32.48919923412104
74.345	-34.32	69.41187774533007	-32.072172828039115
74.372	-34.83	69.42492872572222	-31.67062474828412
74.398	-35.04	69.43797970611438	-31.32064753006182
74.42399999999998	-35.32	69.45103068650653	-31.065696791904006
74.45	-35.51	69.46408166689868	-30.95681745199461
74.477	-35.53	69.47713264729083	-31.035956375750317
74.503	-35.47	69.49018362768298	-31.332974099111187
74.529	-35.45	69.50323460807513	-31.850066382413356
74.555	-35.21	69.51628558846728	-32.55704649253804
74.582	-35.25	69.52933656885943	-33.3949474523875
74.608	-35.18	69.5423875492516	-34.273411916382685
74.634	-35.23	69.55543852964375	-35.09625445226533
74.66	-35.27	69.5684895100359	-35.76345543447046
74.687	-35.03	69.58154049042805	-36.20018260281972
74.71300000000002	-34.03	69.5945914708202	-36.3619391931049
74.73899999999998	-33.23	69.60764245121236	-36.243230102612735
		69.62069343160451	-35.881757380375504
		69.63374441199666	-35.33964114083024
		69.64679539238881	-34.703676610035814
		69.65984637278096	-34.05498270411808
		69.67289735317311	-33.465908206781386
		69.68594833356526	-32.98224916812755
		69.69899931395742	-32.61997077738158
		69.71205029434958	-32.37166537935704
		69.72510127474173	-32.20576051206207
		69.73815225513388	-32.088179663037174
		69.75120323552603	-31.984061969969673
		69.76425421591819	-31.874539854897534
		69.77730519631034	-31.75881303089679
		69.79035617670249	-31.652434297880028
		69.80340715709464	-31.58764262004676
		69.81645813748679	-31.596456062457534
		69.82950911787894	-31.709068903656505
		69.8425600982711	-31.937706831937085
		69.85561107866324	-32.2747127601815
		69.8686620590554	-32.6915699543486
		69.88171303944756	-33.13844766953059
		69.89476401983971	-33.55934451362049
		69.90781500023186	-33.893402262340516
		69.92086598062401	-34.09361883317459
		69.93391696101617	-34.12864722159773
		69.94696794140832	-33.99017044603938
		69.96001892180047	-33.69362983330799
		69.97306990219262	-33.2695725973893
		69.98612088258477	-32.76292271734998
		69.99917186297692	-32.217252854366365
		70.01222284336907	-31.673600645110987
		70.02527382376122	-31.16171393930299
		70.03832480415338	-30.69966376230956
		70.05137578454554	-30.298162721292968
		70.06442676493769	-29.961159848077607
		70.07747774532984	-29.695828444766008
		70.090528725722	-29.513153024017754
		70.10357970611415	-29.430444399779674
		70.1166306865063	-29.470977983433883
		70.12968166689845	-29.654150612015336
		70.1427326472906	-29.994466260160188
		70.15578362768275	-30.48858630462137
		70.1688346080749	-31.11493927603775
		70.18188558846705	-31.832059795826325
		70.1949365688592	-32.579603792505935
		70.20798754925136	-33.29264755689488
		70.22103852964352	-33.90338230008182
		70.23408951003567	-34.36105729154614
		70.24714049042782	-34.63275722866879
		70.26019147081998	-34.71312132830136
		70.27324245121213	-34.62334140340098
		70.28629343160428	-34.40337116418693
		70.29934441199643	-34.10989165507215
		70.31239539238858	-33.79786083303092
		70.32544637278073	-33.51911892512044
		70.33849735317288	-33.307701138009904
		70.35154833356503	-33.1801804164507
		70.3645993139572	-33.13501640545265
		70.37765029434934	-33.15421392866149
		70.3907012747415	-33.21527279542387
		70.40375225513365	-33.292611448832
		70.4168032355258	-33.37062854548412
		70.42985421591796	-33.44360788304756
		70.44290519631011	-33.51791423172146
		70.45595617670226	-33.6105900009184
		70.46900715709441	-33.73861234848777
		70.48205813748656	-33.91778099658943
		70.49510911787871	-34.1492610701937
		70.50816009827086	-34.42023033263281
		70.52121107866301	-34.701536201893184
		70.53426205905518	-34.949841842128066
		70.54731303944733	-35.12103608575647
		70.56036401983948	-35.17185834143272
		70.57341500023163	-35.07931284240623
		70.58646598062379	-34.83978589110997
		70.59951696101594	-34.478037832405676
		70.61256794140809	-34.04389041115706
		70.62561892180024	-33.60179884396575
		70.63866990219239	-33.22753215233419
		70.65172088258454	-32.98485113724044
		70.66477186297669	-32.92503991739604
		70.67782284336884	-33.06780202251842
		70.690873823761	-33.404444159754625
		70.70392480415316	-33.8970553170679
		70.71697578454531	-34.483223785463906
		70.73002676493746	-35.09358581699033
		70.74307774532961	-35.65462335112397
		70.75612872572177	-36.11104124199814
		70.76917970611392	-36.4246113132076
		70.78223068650607	-36.58503831698498
		70.79528166689822	-36.60588271765784
		70.80833264729037	-36.51733867692774
		70.82138362768252	-36.36249938302629
		70.83443460807467	-36.179827588845654
		70.84748558846682	-36.00256620800881
		70.86053656885898	-35.84610067374342
		70.87358754925114	-35.71052370457982
		70.88663852964329	-35.58256752687109
		70.89968951003544	-35.43863171624687
		70.9127404904276	-35.257516296076766
		70.92579147081975	-35.02106292882726
		70.9388424512119	-34.72486530716064
		70.95189343160405	-34.3761672004159
		70.9649444119962	-33.99333350767848
		70.97799539238835	-33.603284229901696
		70.9910463727805	-33.23248095028095
		71.00409735317265	-32.906304842187645
		71.0171483335648	-32.6419536838539
		71.03019931395696	-32.449848338581155
		71.04325029434912	-32.3346125242604
		71.05630127474127	-32.29653167740206
		71.06935225513342	-32.336442922907466
		71.08240323552558	-32.45575880245832
		71.09545421591773	-32.656785069332095
		71.10850519630988	-32.9420834421905
		71.12155617670203	-33.30802783332044
		71.13460715709418	-33.745450986911564
		71.14765813748633	-34.23329072666073
		71.16070911787848	-34.74104503696482
		71.17376009827063	-35.230545340454476
		71.18681107866279	-35.65837649654116
		71.19986205905494	-35.98611004108998
		71.2129130394471	-36.18029487292417
		71.22596401983925	-36.22383360717484
		71.2390150002314	-36.113012127527156
		71.25206598062356	-35.862782764479256
		71.2651169610157	-35.50249523654543
		71.27816794140786	-35.07354342818552
		71.29121892180001	-34.62596771777937
		71.30426990219216	-34.2107995998669
		71.31732088258431	-33.878838226752585
		71.33037186297646	-33.669865150124814
		71.34342284336861	-33.61416647700686
		71.35647382376077	-33.72124407115245
		71.36952480415292	-33.98417874137487
		71.38257578454508	-34.37384443618897
		71.39562676493723	-34.844789403280885
		71.40867774532938	-35.34149742031089
		71.42172872572154	-35.80239890288539
		71.43477970611369	-36.1766446582998
		71.44783068650584	-36.42287237802347
		71.46088166689799	-36.523892004401006
		71.47393264729014	-36.48061423687228
		71.48698362768229	-36.311557623341606
		71.50003460807444	-36.04697294316819
		71.5130855884666	-35.71440394215817
		71.52613656885875	-35.33816765392781
		71.53918754925091	-34.92745303281526
		71.55223852964306	-34.48072334453519
		71.56528951003521	-33.99107416978992
		71.57834049042737	-33.44941157268978
		71.59139147081952	-32.86284294690072
		71.60444245121167	-32.251382961683106
		71.61749343160382	-31.65900725658356
		71.63054441199597	-31.145950559287655
		71.64359539238812	-30.777087162761205
		71.65664637278027	-30.617921224385817
		71.66969735317242	-30.706905220145657
		71.68274833356458	-31.061070397455264
		71.69579931395673	-31.65518470123684
		71.70885029434888	-32.43431341179037
		71.72190127474104	-33.317070198565595
		71.7349522551332	-34.20583336006185
		71.74800323552535	-35.01052229933793
		71.7610542159175	-35.64901383588576
		71.77410519630965	-36.07270845051594
		71.7871561767018	-36.25757698178441
		71.80020715709395	-36.21545842268126
		71.8132581374861	-35.982476142230276
		71.82630911787825	-35.61375595322223
		71.8393600982704	-35.1759960038313
		71.85241107866256	-34.73355100724868
		71.8654620590547	-34.347664497475435
		71.87851303944687	-34.06264522007541
		71.89156401983902	-33.91033250803631
		71.90461500023117	-33.90132305327158
		71.91766598062333	-34.03169206201625
		71.93071696101548	-34.28145699254516
		71.94376794140763	-34.62046601022769
		71.95681892179978	-35.01404389954479
		71.96986990219193	-35.425494391536716
		71.98292088258408	-35.82511686346901
		71.99597186297623	-36.18850622785225
		72.00902284336838	-36.50221025717118
		72.02207382376054	-36.75979705444625
		72.0351248041527	-36.95971086726341
		72.04817578454485	-37.10278460329406
		72.061226764937	-37.18493270517605
		72.07427774532916	-37.19836610480469
		72.0873287257213	-37.127433618901435
		72.10037970611346	-36.95200252675181
		72.11343068650561	-36.653264028872236
		72.12648166689776	-36.21487652552765
		72.13953264728991	-35.63730690276052
		72.15258362768206	-34.93327273169403
		72.16563460807421	-34.14049886856118
		72.17868558846637	-33.31259414969875
		72.19173656885852	-32.5183336232127
		72.20478754925068	-31.834029155174637
		72.21783852964283	-31.32559187450808
		72.23088951003498	-31.04936872518881
		72.24394049042714	-31.026609538234347
		72.25699147081929	-31.2547187494129
		72.27004245121144	-31.691790098146356
		72.28309343160359	-32.27221269576199
		72.29614441199574	-32.913301341805166
		72.30919539238789	-33.524728606058844
		72.32224637278004	-34.03267191149031
		72.3352973531722	-34.37632783760986
		72.34834833356435	-34.53107289740394
		72.3613993139565	-34.49511892460951
		72.37445029434866	-34.29491069094625
		72.38750127474081	-33.972507205329705
		72.40055225513296	-33.57302654893847
		72.41360323552512	-33.14156986121879
		72.42665421591727	-32.70863101750033
		72.43970519630942	-32.29576049792364
		72.45275617670157	-31.91465666801065
		72.46580715709372	-31.57262434705026
		72.47885813748587	-31.284419839165917
		72.49190911787802	-31.070242459740474
		72.50496009827017	-30.96342460168528
		72.51801107866233	-31.00366327901113
		72.53106205905448	-31.22597313307893
		72.54411303944664	-31.659398227087433
		72.5571640198388	-32.30227461658336
		72.57021500023095	-33.13279019123147
		72.5832659806231	-34.09227418875265
		72.59631696101525	-35.101727755258416
		72.6093679414074	-36.06995304894498
		72.62241892179955	-36.90236856762334
		72.6354699021917	-37.52816985321306
		72.64852088258385	-37.893380808702595
		72.661571862976	-37.984196104044834
		72.67462284336816	-37.81012765378483
		72.6876738237603	-37.40689906551574
		72.70072480415246	-36.82338931775388
		72.71377578454462	-36.10941690723384
		72.72682676493677	-35.31408720272661
		72.73987774532893	-34.47713935065257
		72.75292872572108	-33.633655475027
		72.76597970611323	-32.81843792858834
		72.77903068650538	-32.06714592559423
		72.79208166689753	-31.423395029003576
		72.80513264728968	-30.934222165560595
		72.81818362768183	-30.64304498849834
		72.83123460807398	-30.58797567916727
		72.84428558846614	-30.778769222766314
		72.85733656885829	-31.2066187880803
		72.87038754925044	-31.823276369874815
		72.8834385296426	-32.55932185874049
		72.89648951003475	-33.326134574108096
		72.9095404904269	-34.02865483384285
		72.92259147081906	-34.59193011304384
		72.93564245121121	-34.95646647098604
		72.94869343160336	-35.109167634729076
		72.96174441199551	-35.06345416883693
		72.97479539238766	-34.87058006611281
		72.98784637277981	-34.59956484329414
		73.00089735317196	-34.32193818516045
		73.01394833356412	-34.10635334536091
		73.02699931395628	-33.99142533913008
		73.04005029434842	-33.997349869886605
		73.05310127474058	-34.10896828570358
		73.06615225513274	-34.29332847661058
		73.07920323552489	-34.503891641693485
		73.09225421591704	-34.68992442911316
		73.10530519630919	-34.814446639370566
		73.11835617670134	-34.849964854129574
		73.13140715709349	-34.79335285219019
		73.14445813748564	-34.65415663879289
		73.1575091178778	-34.45566750363212
		73.17056009826995	-34.22664747052853
		73.1836110786621	-33.99194133806965
		73.19666205905425	-33.773070671801854
		73.20971303944641	-33.580156936854614
		73.22276401983856	-33.41770643064833
		73.23581500023072	-33.28540948447161
		73.24886598062287	-33.18158400795801
		73.26191696101502	-33.10936283783087
		73.27496794140717	-33.07463845357633
		73.28801892179932	-33.08817280897748
		73.30106990219147	-33.16200007791423
		73.31412088258362	-33.30274538423518
		73.32717186297577	-33.51256624855244
		73.34022284336793	-33.77867784050075
		73.35327382376008	-34.080156856131126
		73.36632480415224	-34.38318027110454
		73.37937578454438	-34.6486959888518
		73.39242676493654	-34.83835754470326
		73.4054777453287	-34.916515818425204
		73.41852872572085	-34.863492855657725
		73.431579706113	-34.66954152984977
		73.44463068650515	-34.3474422076305
		73.4576816668973	-33.92169773414515
		73.47073264728945	-33.43386156714738
		73.4837836276816	-32.932840464145244
		73.49683460807375	-32.47083870855894
		73.5098855884659	-32.09947692633235
		73.52293656885806	-31.858190099785794
		73.53598754925022	-31.77795243504065
		73.54903852964237	-31.866538926334872
		73.56208951003453	-32.11869581419137
		73.57514049042668	-32.50438914092811
		73.58819147081883	-32.98161879955954
		73.60124245121098	-33.49391078733116
		73.61429343160313	-33.97998960996333
		73.62734441199528	-34.383547096202264
		73.64039539238743	-34.6541184899733
		73.65344637277958	-34.765530115424674
		73.66649735317174	-34.70598279542523
		73.67954833356389	-34.49499069727652
		73.69259931395604	-34.16702935715989
		73.7056502943482	-33.775478051477
		73.71870127474035	-33.37951869861982
		73.7317522551325	-33.03051367952075
		73.74480323552466	-32.7716197096746
		73.75785421591681	-32.61436911990672
		73.77090519630896	-32.55297053714509
		73.78395617670111	-32.54829947476274
		73.79700715709326	-32.54777919729271
		73.81005813748541	-32.491722624183495
		73.82310911787756	-32.32311508644366
		73.83616009826972	-32.01567236506552
		73.84921107866188	-31.56284538050231
		73.86226205905402	-31.007974970191565
		73.87531303944618	-30.417459680834856
		73.88836401983833	-29.887228428063217
		73.90141500023049	-29.520124205307656
		73.91446598062264	-29.39840492177797
		73.92751696101479	-29.58597626360787
		73.94056794140694	-30.084153233226704
		73.95361892179909	-30.861552015289114
		73.96666990219124	-31.82663940379077
		73.9797208825834	-32.86483923431383
		73.99277186297554	-33.84997857116126
		74.0058228433677	-34.660114135359635
		74.01887382375985	-35.2187903936428
		74.031924804152	-35.47720743779874
		74.04497578454416	-35.45252523937455
		74.05802676493632	-35.19112133046508
		74.07107774532847	-34.77605308890436
		74.08412872572062	-34.300243955528416
		74.09717970611277	-33.84296559571768
		74.11023068650492	-33.47092231406577
		74.12328166689707	-33.20810505244726
		74.13633264728922	-33.0582398392209
		74.14938362768137	-32.99298499031239
		74.16243460807353	-32.97359738017666
		74.17548558846568	-32.962353711147934
		74.18853656885784	-32.92653018396112
		74.20158754924998	-32.857764614211014
		74.21463852964214	-32.7596120806894
		74.2276895100343	-32.65630029160737
		74.24074049042645	-32.57855034617354
		74.2537914708186	-32.55614641698897
		74.26684245121075	-32.61502535781511
		74.2798934316029	-32.76303317931469
		74.29294441199505	-32.998908639836436
		74.3059953923872	-33.304417459862215
		74.31904637277935	-33.65544302777599
		74.3320973531715	-34.02522728245348
		74.34514833356366	-34.388005843469855
		74.35819931395582	-34.72708355283258
		74.37125029434796	-35.03023851830894
		74.38430127474012	-35.293426890769034
		74.39735225513228	-35.51503311214223
		74.41040323552443	-35.69298258388381
		74.42345421591658	-35.82427180635809
		74.43650519630873	-35.902062304661996
		74.44955617670088	-35.91917308725875
		74.46260715709303	-35.872391508570225
		74.47565813748518	-35.76260559219879
		74.48870911787733	-35.60461536873203
		74.50176009826949	-35.41969464450372
		74.51481107866164	-35.24011270711784
		74.52786205905379	-35.099760495194346
		74.54091303944595	-35.02479466778115
		74.5539640198381	-35.03357882697032
		74.56701500023026	-35.11867609823941
		74.58006598062241	-35.26040429699479
		74.59311696101456	-35.41723123512592
		74.60616794140671	-35.54256930677968
		74.61921892179886	-35.59571582921637
		74.63226990219101	-35.54491058418057
		74.64532088258316	-35.391512822744176
		74.65837186297532	-35.152937376245085
		74.67142284336747	-34.87652988663382
		74.68447382375962	-34.618111937081885
		74.69752480415178	-34.43350565208545
