depth	d18O	depth_BD	d18O_BD
81.529	-34.75	81.51605828395961	-36.83459197178429
81.568	-32.62	81.53464224765099	-35.700634429616876
81.60600000000001	-31.61	81.55322621134238	-34.206431787692026
81.645	-31.17	81.57181017503376	-32.628818257537866
81.683	-31.51	81.59039413872515	-31.243943282360732
81.721	-32.66	81.60897810241651	-30.264295516125166
81.76	-34.11	81.6275620661079	-29.78720086977561
81.798	-34.39	81.64614602979928	-29.834623424427903
81.837	-33.68	81.66472999349067	-30.315248658553205
81.875	-32.65	81.68331395718205	-31.108055882112954
81.913	-30.95	81.70189792087344	-32.06030815092031
81.95200000000001	-29.89	81.72048188456482	-33.02916513535214
81.99	-29.52	81.7390658482562	-33.89511149167297
82.029	-29.68	81.75764981194759	-34.56138760811175
82.06700000000001	-30.49	81.77623377563897	-34.96702568278457
82.105	-32.27	81.79481773933036	-35.07603898879874
82.14399999999999	-33.77	81.81340170302173	-34.88965397559598
82.182	-34.4	81.83198566671311	-34.43209758336454
82.22	-34.2	81.8505696304045	-33.76078744400396
82.259	-33.57	81.86915359409588	-32.94355690480488
82.29700000000001	-32.64	81.88773755778726	-32.06031541177241
82.335	-31.81	81.90632152147865	-31.18490010740158
82.374	-31.47	81.92490548517003	-30.378809440573086
82.412	-31.49	81.94348944886141	-29.69332514858167
82.45	-32.03	81.9620734125528	-29.164592467194822
82.48899999999999	-33.33	81.98065737624418	-28.825162590561014
82.527	-34.2	81.99924133993557	-28.70393422817053
82.565	-34.19	82.01782530362694	-28.824078925884987
82.604	-33.59	82.03640926731832	-29.199613978520883
82.64200000000001	-32.74	82.0549932310097	-29.823434936513923
82.68	-32.41	82.07357719470109	-30.655003157468112
82.71799999999999	-32.59	82.09216115839247	-31.62753222888254
82.757	-33.75	82.11074512208386	-32.636719626742554
82.795	-35.39	82.12932908577524	-33.5750956288387
82.833	-36.62	82.14791304946662	-34.33603827741768
82.87200000000001	-36.57	82.16649701315801	-34.841820185188375
82.91	-35.92	82.18508097684939	-35.06112330574763
82.948	-34.92	82.20366494054078	-34.997737213482424
82.986	-33.33	82.22224890423215	-34.704514049198565
83.025	-32.15	82.24083286792353	-34.24543247640988
83.06299999999999	-31.63	82.25941683161491	-33.694918992710996
83.101	-31.52	82.2780007953063	-33.115306828735136
83.139	-32.48	82.29658475899768	-32.54856138376041
83.178	-33.3	82.31516872268907	-32.02647053308099
83.21600000000001	-33.83	82.33375268638045	-31.56792762477001
83.25399999999999	-33.91	82.35233665007183	-31.196319703171493
83.292	-33.67	82.37092061376322	-30.943635443316026
83.33	-32.04	82.3895045774546	-30.84490178062111
83.369	-32.64	82.40808854114599	-30.93831830253907
83.40700000000001	-33.06	82.42667250483736	-31.243654920341307
83.445	-33.67	82.44525646852874	-31.75198330749191
83.48299999999999	-34.77	82.46384043222012	-32.4225454302142
83.521	-34.92	82.48242439591151	-33.17037079959763
83.56	-35.53	82.50100835960289	-33.89639023761911
83.598	-34.67	82.51959232329428	-34.48643118800125
83.63600000000001	-33.67	82.53817628698566	-34.84817039389709
83.67399999999999	-32.87	82.55676025067704	-34.92398853152411
83.712	-32.54	82.57534421436843	-34.69919985389139
83.75	-32.97	82.59392817805981	-34.218268007312155
83.789	-33.94	82.6125121417512	-33.558807952654995
83.82700000000001	-34.69	82.63109610544257	-32.8396442251681
83.865	-34.8	82.64968006913395	-32.182697644513965
83.90299999999999	-34.17	82.66826403282533	-31.709133579871626
83.941	-33.6	82.68684799651672	-31.512019384017115
83.979	-33.08	82.7054319602081	-31.64362094743733
84.01700000000001	-32.67	82.72401592389949	-32.11191143728888
84.056	-33.06	82.74259988759087	-32.86605568076165
84.094	-33.35	82.76118385128225	-33.82138536505675
84.132	-34.2	82.77976781497364	-34.852102760933825
84.17	-34.88	82.79835177866502	-35.832445504168575
84.208	-35.14	82.8169357423564	-36.64167480232143
84.24600000000001	-35.22	82.83551970604778	-37.19104359974383
84.28399999999999	-35.37	82.85410366973916	-37.436170193661354
84.322	-35.13	82.87268763343054	-37.36874561683709
84.361	-34.87	82.89127159712193	-37.02567683222458
84.399	-34.5	82.90985556081331	-36.45917361370955
84.43700000000001	-33.72	82.9284395245047	-35.73767747674637
84.475	-32.49	82.94702348819608	-34.92570381290507
84.51299999999999	-31.32	82.96560745188746	-34.08079240123247
84.551	-30.62	82.98419141557885	-33.25450346269314
84.589	-30.01	83.00277537927023	-32.491059562900425
84.62700000000001	-30.47	83.02135934296162	-31.83398147582363
84.665	-31.33	83.03994330665299	-31.326427925177285
84.70299999999999	-32.71	83.05852727034437	-31.007245994585656
84.741	-33.88	83.07711123403575	-30.90919257197399
84.779	-34.43	83.09569519772714	-31.04690982520267
84.81700000000001	-34.13	83.11427916141852	-31.411259592874515
84.855	-33.82	83.1328631251099	-31.96507996966383
84.89299999999999	-33.29	83.15144708880129	-32.636592111935066
84.931	-32.24	83.17003105249267	-33.336126465592145
84.969	-31.42	83.18861501618406	-33.95440422278302
85.007	-30.77	83.20719897987544	-34.39623180650171
85.045	-30.01	83.22578294356683	-34.58718990775776
85.083	-30.18	83.2443669072582	-34.49773128508075
85.12100000000001	-30.69	83.26295087094958	-34.15437203437649
85.15899999999999	-31.99	83.28153483464096	-33.62494789892213
85.197	-32.93	83.30011879833235	-33.02451261826952
85.235	-33.69	83.31870276202373	-32.467805115518885
85.273	-33.88	83.33728672571512	-32.06432715308947
85.311	-33.37	83.3558706894065	-31.883982881937268
85.34899999999999	-32.62	83.37445465309789	-31.9472071460715
85.387	-31.42	83.39303861678927	-32.23718950674691
85.425	-30.8	83.41162258048065	-32.695162339144495
85.463	-31.0	83.43020654417204	-33.25684644607579
85.501	-31.35	83.44879050786341	-33.854750385862076
85.539	-32.35	83.46737447155479	-34.43370586286938
85.57700000000001	-32.99	83.48595843524618	-34.953730455630996
85.615	-33.0	83.50454239893756	-35.379054868816915
85.65299999999999	-32.26	83.52312636262894	-35.67784243965932
85.691	-31.2	83.54171032632033	-35.817632262701814
85.729	-30.23	83.56029429001171	-35.76547904406585
85.76700000000001	-29.56	83.5788782537031	-35.50496898544801
85.805	-30.28	83.59746221739448	-35.04022632309338
85.84299999999999	-30.64	83.61604618108586	-34.408847506274654
85.881	-32.92	83.63463014477725	-33.68671507443193
85.919	-34.4	83.65321410846862	-32.96926363034144
85.95700000000001	-35.12	83.67179807216	-32.37134386273177
85.994	-34.92	83.69038203585139	-31.987117380545623
86.03200000000001	-34.75	83.70896599954277	-31.884068268586972
86.07	-33.9	83.72754996323415	-32.079636573125974
86.10799999999999	-32.72	83.74613392692554	-32.534631447148875
86.146	-32.13	83.76471789061692	-33.17097602743746
86.184	-31.97	83.7833018543083	-33.87029186299003
86.22200000000001	-32.6	83.80188581799969	-34.518063333453924
86.26	-33.46	83.82046978169107	-35.00793366997352
86.29799999999999	-33.74	83.83905374538246	-35.27312755619155
86.335	-33.74	83.85763770907383	-35.29179649239315
86.37299999999999	-33.48	83.87622167276521	-35.08108541115309
86.411	-32.94	83.8948056364566	-34.69893918038265
86.449	-32.71	83.91338960014798	-34.2138116626072
86.48700000000001	-32.37	83.93197356383936	-33.70283729441765
86.525	-32.46	83.95055752753075	-33.22929990693527
86.56299999999999	-32.6	83.96914149122213	-32.840338979507465
86.6	-33.0	83.98772545491352	-32.56645918317899
86.63799999999999	-34.19	84.0063094186049	-32.42077949438235
86.676	-35.36	84.02489338229628	-32.40750444108388
86.714	-35.9	84.04347734598767	-32.52196599224786
86.75200000000001	-35.93	84.06206130967905	-32.75265602802968
86.79	-35.74	84.08064527337042	-33.08093450133115
86.82700000000001	-35.59	84.0992292370618	-33.47958032827488
86.865	-35.54	84.11781320075319	-33.9126007811072
86.90299999999999	-36.07	84.13639716444457	-34.34132655006197
86.941	-36.98	84.15498112813596	-34.72515005960018
86.979	-37.28	84.17356509182734	-35.033748777671455
87.016	-36.78	84.19214905551873	-35.2482331891354
87.054	-35.78	84.21073301921011	-35.36638764692351
87.09200000000001	-34.65	84.2293169829015	-35.40293254443413
87.13	-32.92	84.24790094659288	-35.38095711674015
87.16799999999999	-31.04	84.26648491028425	-35.33099098392196
87.205	-29.91	84.28506887397563	-35.27648951591711
87.243	-28.47	84.30365283766702	-35.232754989557094
87.281	-27.94	84.3222368013584	-35.19978463134258
87.319	-28.41	84.34082076504978	-35.16218251031573
87.35700000000001	-29.88	84.35940472874117	-35.09539000324477
87.39399999999999	-32.3	84.37798869243255	-34.966639060861276
87.432	-34.15	84.39657265612394	-34.748570616589845
87.47	-35.02	84.41515661981532	-34.42019955664952
87.508	-34.84	84.4337405835067	-33.97568547598625
87.545	-33.85	84.45232454719809	-33.424369551193
87.583	-32.81	84.47090851088946	-32.78890421747581
87.62100000000001	-31.78	84.48949247458084	-32.10455565300169
87.65799999999999	-31.1	84.50807643827223	-31.412897662483022
87.696	-30.94	84.52666040196361	-30.761158212001764
87.734	-31.0	84.545244365655	-30.198121560067072
87.772	-31.35	84.56382832934638	-29.77358113159239
87.809	-32.03	84.58241229303776	-29.53187847720419
87.84700000000001	-32.32	84.60099625672915	-29.51115388504698
87.885	-32.73	84.61958022042053	-29.729116013720656
87.92200000000001	-32.55	84.63816418411191	-30.18292388693417
87.96	-32.4	84.6567481478033	-30.83837265568139
87.99799999999999	-32.03	84.67533211149467	-31.631788175937746
88.036	-31.66	84.69391607518605	-32.48121502141099
88.073	-31.44	84.71250003887744	-33.28955695329706
88.111	-31.33	84.73108400256882	-33.97484190825472
88.149	-31.82	84.7496679662602	-34.47143608436139
88.186	-32.73	84.76825192995159	-34.75096728293768
88.22399999999999	-34.0	84.78683589364297	-34.81983879140156
88.262	-34.42	84.80541985733436	-34.71007750351556
88.29899999999999	-34.6	84.82400382102574	-34.475505808204396
88.337	-34.5	84.84258778471713	-34.16513685208258
88.375	-33.99	84.86117174840851	-33.821830721876495
88.412	-33.47	84.87975571209988	-33.467221923054296
88.45	-33.16	84.89833967579126	-33.10362733105739
88.488	-33.12	84.91692363948265	-32.722303578213506
88.525	-33.43	84.93550760317403	-32.305877938737595
88.56299999999999	-33.59	84.95409156686542	-31.847139587976216
88.601	-33.47	84.9726755305568	-31.34916630425664
88.63799999999999	-32.87	84.99125949424818	-30.83520882245309
88.676	-31.98	85.00984345793957	-30.346298683362367
88.713	-31.36	85.02842742163095	-29.93287549532794
88.751	-31.0	85.04701138532234	-29.652224775568087
88.789	-31.36	85.06559534901372	-29.54809156912369
88.82600000000001	-32.61	85.08417931270509	-29.65078962749246
88.86399999999999	-33.75	85.10276327639647	-29.962055207451122
88.90100000000001	-34.26	85.12134724008786	-30.4584156369371
88.939	-33.95	85.13993120377924	-31.094229549649725
88.977	-33.59	85.15851516747063	-31.80571535937389
89.014	-32.99	85.17709913116201	-32.52703194077079
89.052	-32.54	85.1956830948534	-33.19183356609121
89.089	-31.98	85.21426705854478	-33.746269191512155
89.12700000000001	-31.47	85.23285102223616	-34.14775803315881
89.165	-31.04	85.25143498592755	-34.3684183397688
89.20200000000001	-30.95	85.27001894961893	-34.393064963846875
89.24	-31.07	85.28860291331031	-34.22081434006281
89.277	-31.54	85.30718687700168	-33.86323993935807
89.315	-32.68	85.32577084069307	-33.349418560823416
89.352	-34.78	85.34435480438445	-32.723306257445316
89.39	-36.91	85.36293876807584	-32.044642560757715
89.428	-37.68	85.38152273176722	-31.38552679980744
89.465	-37.36	85.4001066954586	-30.818237003300162
89.50299999999999	-36.26	85.41869065914999	-30.41345830949907
89.54	-34.81	85.43727462284137	-30.21914584607469
89.57799999999999	-34.15	85.45585858653276	-30.262983334880577
89.615	-33.82	85.47444255022414	-30.536961498129266
89.65299999999999	-34.08	85.49302651391551	-31.003688654677863
89.69	-34.69	85.5116104776069	-31.59852311380815
89.728	-34.57	85.53019444129828	-32.23611663657869
89.765	-33.83	85.54877840498966	-32.82973460879107
89.803	-32.69	85.56736236868105	-33.29364913457933
89.84	-31.72	85.58594633237243	-33.5667567756269
89.87799999999999	-30.78	85.60453029606381	-33.60907141177425
89.915	-30.29	85.6231142597552	-33.41375886815045
89.95299999999999	-31.34	85.64169822344658	-33.00036109340417
89.99	-32.83	85.66028218713797	-32.411171543703254
90.02799999999999	-34.45	85.67886615082935	-31.705752349006165
90.065	-35.55	85.69745011452073	-30.952232398533567
90.103	-35.73	85.7160340782121	-30.22484509619916
90.14	-35.65	85.73461804190349	-29.597944144252388
90.178	-35.02	85.75320200559487	-29.144995597992597
90.215	-34.18	85.77178596928626	-28.92730127635444
90.25299999999999	-33.5	85.79036993297764	-28.994735447609173
90.29	-32.87	85.80895389666902	-29.362806639489914
90.32799999999999	-33.38	85.82753786036041	-30.018864924579198
90.365	-34.27	85.84612182405179	-30.905998594373735
90.40299999999999	-34.86	85.86470578774318	-31.934424187305563
90.44	-35.07	85.88328975143456	-32.99757683926654
90.477	-34.7	85.90187371512593	-33.97950272420009
90.515	-34.02	85.92045767881731	-34.79308637615319
90.552	-32.86	85.9390416425087	-35.37522402446193
90.59	-31.51	85.95762560620008	-35.70624766803499
90.62700000000001	-30.55	85.97620956989147	-35.798163110134006
90.665	-30.26	85.99479353358285	-35.67981184816775
90.70200000000001	-30.61	86.01337749727423	-35.390897291892976
90.74	-32.19	86.03196146096562	-34.96475010657561
90.777	-33.42	86.050545424657	-34.430428221871814
90.814	-33.77	86.06912938834839	-33.82114170945605
90.852	-33.38	86.08771335203977	-33.17451967732302
90.889	-32.19	86.10629731573115	-32.547020314151645
90.927	-30.94	86.12488127942252	-32.0078219519972
90.964	-29.83	86.14346524311391	-31.624470215464306
91.001	-29.26	86.16204920680529	-31.459910019129264
91.039	-29.53	86.18063317049668	-31.536020680699107
91.07600000000001	-30.32	86.19921713418806	-31.8431129567623
91.11399999999999	-31.77	86.21780109787944	-32.32359203847232
91.15100000000001	-33.7	86.23638506157083	-32.88760862355639
91.18799999999999	-34.84	86.25496902526221	-33.43825354058985
91.226	-35.68	86.2735529889536	-33.87765042527873
91.26299999999999	-35.4	86.29213695264498	-34.14771416729545
91.3	-34.86	86.31072091633635	-34.22048639305457
91.338	-33.69	86.32930488002773	-34.11419685044951
91.375	-33.0	86.34788884371912	-33.87790644942077
91.413	-32.75	86.3664728074105	-33.57235304017259
91.45	-33.61	86.38505677110189	-33.26337541668537
91.48700000000001	-34.93	86.40364073479327	-32.992247106969224
91.525	-35.97	86.42222469848465	-32.78198716457924
91.56200000000001	-35.93	86.44080866217604	-32.6280915441223
91.59899999999999	-35.58	86.45939262586742	-32.508793675204586
91.637	-34.06	86.4779765895588	-32.40344744806195
91.67399999999999	-32.52	86.49656055325019	-32.2946735794389
91.711	-31.47	86.51514451694158	-32.19176346214755
91.749	-31.27	86.53372848063294	-32.12223945665121
91.786	-32.33	86.55231244432433	-32.130531224588104
91.823	-32.88	86.57089640801571	-32.26950426275041
91.861	-33.4	86.5894803717071	-32.5710531864647
91.898	-33.34	86.60806433539848	-33.04994366288015
91.935	-33.37	86.62664829908987	-33.6764711947563
91.97200000000001	-33.26	86.64523226278125	-34.39159174053939
92.01	-33.13	86.66381622647263	-35.11204591352365
92.04700000000001	-33.26	86.68240019016402	-35.74213103944235
92.084	-33.33	86.7009841538554	-36.207487941424866
92.12200000000001	-33.58	86.71956811754677	-36.45144111815255
92.15899999999999	-33.26	86.73815208123816	-36.46683948930689
92.196	-32.64	86.75673604492954	-36.279771539574725
92.234	-32.04	86.77532000862092	-35.95563093849539
92.271	-31.5	86.79390397231231	-35.583068477008
92.30799999999999	-31.32	86.81248793600369	-35.25298317038264
92.345	-31.24	86.83107189969508	-35.053868312917785
92.383	-31.5	86.84965586338646	-35.03811887774206
92.42	-32.34	86.86823982707784	-35.23208360987989
92.45700000000001	-33.31	86.88682379076923	-35.611692992176316
92.494	-33.44	86.90540775446061	-36.12109158244522
92.53200000000001	-33.18	86.92399171815198	-36.6764826948226
92.569	-32.88	86.94257568184337	-37.17979973445124
92.60600000000001	-32.21	86.96115964553475	-37.54817391469294
92.64299999999999	-31.19	86.97974360922613	-37.71178523453298
92.681	-30.31	86.99832757291752	-37.64278851040596
92.71799999999999	-29.61	87.0169115366089	-37.34030225199528
92.755	-29.34	87.03549550030029	-36.83582461357291
92.792	-29.54	87.05407946399167	-36.1790778598224
92.83	-30.77	87.07266342768305	-35.422315147118084
92.867	-29.97	87.09124739137444	-34.61705646365598
92.904	-31.13	87.10983135506582	-33.7956464345102
92.941	-30.69	87.12841531875719	-32.97788526876425
92.978	-30.06	87.14699928244858	-32.16497034440561
93.016	-29.45	87.16558324613996	-31.348292350960065
93.053	-29.24	87.18416720983134	-30.521874627648923
93.09	-29.41	87.20275117352273	-29.684376688264067
93.12700000000001	-29.65	87.22133513721411	-28.86340209680193
93.165	-30.44	87.2399191009055	-28.105497408385034
93.20200000000001	-31.25	87.25850306459688	-27.48820787650532
93.23899999999999	-32.03	87.27708702828826	-27.104502851777664
93.27600000000001	-32.33	87.29567099197965	-27.038373454354478
93.31299999999999	-32.35	87.31425495567103	-27.361895635226915
93.35	-32.84	87.33283891936242	-28.084042926463205
93.38799999999999	-33.07	87.35142288305379	-29.172401744371022
93.425	-33.54	87.37000684674517	-30.520886679487326
93.462	-33.73	87.38859081043655	-31.983161726054984
93.499	-33.66	87.40717477412794	-33.394229684446586
93.536	-33.04	87.42575873781932	-34.586024199930165
93.573	-32.34	87.4443427015107	-35.44549197335437
93.611	-31.49	87.46292666520209	-35.89711352126983
93.648	-31.3	87.48151062889347	-35.94561332378225
93.685	-31.43	87.50009459258486	-35.641223729523325
93.72200000000001	-32.49	87.51867855627624	-35.07622655169411
93.759	-32.52	87.53726251996761	-34.36221865478608
93.796	-32.76	87.555846483659	-33.596963415351205
		87.57443044735038	-32.86672753817793
		87.59301441104176	-32.220260024745045
		87.61159837473315	-31.68500252443454
		87.63018233842453	-31.265457877104968
		87.64876630211592	-30.95496000277598
		87.6673502658073	-30.746900675129737
		87.68593422949868	-30.635392478720973
		87.70451819319007	-30.619821763247156
		87.72310215688145	-30.701357197612044
		87.74168612057284	-30.875119034987815
		87.7602700842642	-31.13155230342398
		87.77885404795559	-31.44708077020899
		87.79743801164697	-31.790830753144185
		87.81602197533836	-32.126762693526636
		87.83460593902974	-32.418019067522096
		87.85318990272113	-32.64005285413196
		87.87177386641251	-32.77642799907967
		87.8903578301039	-32.82884770214563
		87.90894179379528	-32.808055201885836
		87.92752575748666	-32.729894536336325
		87.94610972117803	-32.611255663519145
		87.96469368486942	-32.45947963108478
		87.9832776485608	-32.27698367443227
		88.00186161225218	-32.061875228098
		88.02044557594357	-31.812473108915615
		88.03902953963495	-31.542892937009306
		88.05761350332634	-31.277094149081126
		88.07619746701772	-31.059337541711557
		88.0947814307091	-30.941926687598276
		88.11336539440049	-30.970392452430186
		88.13194935809187	-31.181846884992765
		88.15053332178326	-31.574558493764364
		88.16911728547463	-32.124778405662944
		88.18770124916601	-32.7725754363383
		88.2062852128574	-33.44258127954328
		88.22486917654878	-34.060552082388085
		88.24345314024016	-34.55738125178445
		88.26203710393155	-34.896160570794386
		88.28062106762293	-35.05794225501127
		88.29920503131432	-35.05332767285199
		88.3177889950057	-34.90672078668928
		88.33637295869708	-34.65196257685411
		88.35495692238847	-34.32669569731091
		88.37354088607984	-33.967754809171105
		88.39212484977122	-33.611447840394646
		88.4107088134626	-33.292831519384556
		88.42929277715399	-33.0452424886042
		88.44787674084537	-32.89401240704914
		88.46646070453676	-32.85803993055523
		88.48504466822814	-32.93535539759224
		88.50362863191953	-33.11198266493569
		88.52221259561091	-33.350568516239214
		88.5407965593023	-33.6031348391238
		88.55938052299368	-33.81341892609726
		88.57796448668505	-33.924147884581984
		88.59654845037643	-33.892509968769374
		88.61513241406782	-33.68651711818228
		88.6337163777592	-33.30666732143025
		88.65230034145058	-32.77212188392259
		88.67088430514197	-32.139691008675854
		88.68946826883335	-31.48390692867901
		88.70805223252474	-30.89908606451626
		88.72663619621612	-30.483266585964834
		88.7452201599075	-30.310847437429803
		88.76380412359887	-30.43664374265801
		88.78238808729026	-30.850885302485036
		88.80097205098164	-31.509978025780093
		88.81955601467303	-32.312885092561416
		88.83813997836441	-33.137817999232155
		88.8567239420558	-33.86698535206501
		88.87530790574718	-34.394615988740426
		88.89389186943856	-34.67730162133074
		88.91247583312995	-34.704385260461116
		88.93105979682133	-34.5231987900903
		88.94964376051271	-34.20269367340493
		88.9682277242041	-33.81501967389272
		88.98681168789547	-33.42736729583546
		89.00539565158685	-33.071782192409685
		89.02397961527824	-32.76373048470412
		89.04256357896962	-32.49571607119613
		89.061147542661	-32.25304504517781
		89.07973150635239	-32.02627320610879
		89.09831547004377	-31.809019051511086
		89.11689943373516	-31.6017162727932
		89.13548339742654	-31.406027921229633
		89.15406736111792	-31.217281072837554
		89.1726513248093	-31.029470332561385
		89.19123528850068	-30.841286037546784
		89.20981925219206	-30.659012271532905
		89.22840321588345	-30.52156032275353
		89.24698717957483	-30.483302142050313
		89.26557114326621	-30.622385810564698
		89.2841551069576	-31.01790191473154
		89.30273907064898	-31.711271721965197
		89.32132303434037	-32.715017133268205
		89.33990699803175	-33.95497002224728
		89.35849096172313	-35.318150023309585
		89.37707492541452	-36.637982450491606
		89.39565888910589	-37.73806319244301
		89.41424285279727	-38.482042104854784
		89.43282681648866	-38.76635906414714
		89.45141078018004	-38.589552600285785
		89.46999474387142	-37.99825677374759
		89.48857870756281	-37.11721149915567
		89.50716267125419	-36.096507050805904
		89.52574663494558	-35.08864790555249
		89.54433059863696	-34.23556585111569
		89.56291456232834	-33.622345930845604
		89.58149852601971	-33.30279661699034
		89.6000824897111	-33.26367119349452
		89.61866645340248	-33.46308091901495
		89.63725041709387	-33.82047541052255
		89.65583438078525	-34.24384860547262
		89.67441834447663	-34.64327107774751
		89.69300230816802	-34.935605772888465
		89.7115862718594	-35.067503406159126
		89.73017023555079	-35.0013005018432
		89.74875419924217	-34.73140919690467
		89.76733816293356	-34.26637063358324
		89.78592212662494	-33.636249146980326
		89.80450609031632	-32.88151298817065
		89.8230900540077	-32.061557491951056
		89.84167401769908	-31.24509803926467
		89.86025798139046	-30.51837403495591
		89.87884194508185	-29.970735008277916
		89.89742590877323	-29.682316498560418
		89.91600987246461	-29.71880117320425
		89.934593836156	-30.091867428114426
		89.95317779984738	-30.78325938619796
		89.97176176353877	-31.708989212077842
		89.99034572723014	-32.76252945338766
		90.00892969092152	-33.8197954843555
		90.0275136546129	-34.761737939474635
		90.04609761830429	-35.51372603409412
		90.06468158199567	-36.02587228279379
		90.08326554568706	-36.3029367002385
		90.10184950937844	-36.36796144957509
		90.12043347306982	-36.25800425094124
		90.13901743676121	-36.01050569779344
		90.15760140045259	-35.647947085809754
		90.17618536414398	-35.189372278601084
		90.19476932783536	-34.656474601726714
		90.21335329152673	-34.0781063617164
		90.23193725521811	-33.510575972177776
		90.2505212189095	-33.01918856918765
		90.26910518260088	-32.67637916814425
		90.28768914629227	-32.54613182625319
		90.30627310998365	-32.649225510869094
		90.32485707367503	-32.98106188997346
		90.34344103736642	-33.478671948983994
		90.3620250010578	-34.06046554098394
		90.38060896474919	-34.63046802361173
		90.39919292844056	-35.09819655452171
		90.41777689213194	-35.410544247335615
		90.43636085582332	-35.533899927421864
		90.45494481951471	-35.47493751942544
		90.47352878320609	-35.2517929999357
		90.49211274689748	-34.887828641559686
		90.51069671058886	-34.40471598659547
		90.52928067428024	-33.81225996003329
		90.54786463797163	-33.12025596693167
		90.56644860166301	-32.34999084359343
		90.5850325653544	-31.534903697568918
		90.60361652904578	-30.744735218583383
		90.62220049273716	-30.061902368875824
		90.64078445642853	-29.58366823975441
		90.65936842011992	-29.399119972604094
		90.6779523838113	-29.55245556115858
		90.69653634750269	-30.05572410096604
		90.71512031119407	-30.839847156055875
		90.73370427488545	-31.803889395394258
		90.75228823857684	-32.799408476056065
		90.77087220226822	-33.67483151999066
		90.7894561659596	-34.308348492107264
		90.80804012965098	-34.60625509137871
		90.82662409334236	-34.55291316359284
		90.84520805703374	-34.166760437478125
		90.86379202072513	-33.52502535420253
		90.88237598441651	-32.719499001627845
		90.9009599481079	-31.846134537397443
		90.91954391179928	-30.99385246347479
		90.93812787549066	-30.22298478843485
		90.95671183918205	-29.58143872514107
		90.97529580287343	-29.095730678216725
		90.99387976656482	-28.786701773637105
		91.0124637302562	-28.67193055113925
		91.03104769394757	-28.766750804800317
		91.04963165763895	-29.081166847398073
		91.06821562133034	-29.61726939976478
		91.08679958502172	-30.35379750112871
		91.1053835487131	-31.256008508969884
		91.12396751240449	-32.260241194863085
		91.14255147609587	-33.29388363902791
		91.16113543978726	-34.27494900683048
		91.17971940347864	-35.12454715066105
		91.19830336717003	-35.780909472591695
		91.21688733086141	-36.19464552045453
		91.23547129455278	-36.34565791348527
		91.25405525824416	-36.22880266437319
		91.27263922193555	-35.86820805415873
		91.29122318562693	-35.30260841641286
		91.30980714931832	-34.59880648277453
		91.3283911130097	-33.835152270448965
		91.34697507670109	-33.108854697438794
		91.36555904039247	-32.51737810573545
		91.38414300408385	-32.14669961156742
		91.40272696777524	-32.06502877078134
		91.42131093146662	-32.29123876500546
		91.439894895158	-32.81545727616829
		91.45847885884938	-33.567952011981276
		91.47706282254076	-34.457463899360164
		91.49564678623214	-35.362259549686854
		91.51423074992353	-36.15928422858417
		91.53281471361491	-36.73988324164312
		91.5513986773063	-37.01358363490927
		91.56998264099768	-36.937323305814346
		91.58856660468906	-36.497168643649125
		91.60715056838045	-35.74033746701031
		91.62573453207182	-34.74216747365762
		91.6443184957632	-33.627899108291786
		91.66290245945459	-32.53336608756006
		91.68148642314597	-31.597969940613957
		91.70007038683735	-30.941948091556203
		91.71865435052874	-30.626581456058336
		91.73723831422012	-30.67414597688055
		91.7558222779115	-31.02411579970187
		91.77440624160289	-31.58788226566057
		91.79299020529427	-32.239139977889344
		91.81157416898566	-32.85629948507854
		91.83015813267704	-33.35124784747923
		91.84874209636843	-33.663129320744545
		91.8673260600598	-33.79202957092504
		91.88591002375118	-33.759960096558956
		91.90449398744256	-33.62040311483194
		91.92307795113395	-33.42973237181752
		91.94166191482533	-33.23680147539091
		91.96024587851672	-33.082268130930025
		91.9788298422081	-32.98755495398845
		91.99741380589948	-32.96556630371475
		92.01599776959087	-33.014836354127645
		92.03458173328224	-33.1266634159453
		92.05316569697362	-33.27924534115436
		92.071749660665	-33.445162388897536
		92.09033362435639	-33.587773097678685
		92.10891758804777	-33.671700511583474
		92.12750155173916	-33.66918845546669
		92.14608551543054	-33.56202977184762
		92.16466947912193	-33.354170200673416
		92.18325344281331	-33.05883966023301
		92.2018374065047	-32.70417143288061
		92.22042137019608	-32.31983025049721
		92.23900533388746	-31.933083302032944
		92.25758929757883	-31.569240893796465
		92.27617326127022	-31.2495310717516
		92.2947572249616	-30.99636225479417
		92.31334118865298	-30.836885858678862
		92.33192515234437	-30.797415517659413
		92.35050911603575	-30.90015568392356
		92.36909307972714	-31.15543449235336
		92.38767704341852	-31.54503274211898
		92.4062610071099	-32.03433866978141
		92.42484497080129	-32.5587064780618
		92.44342893449267	-33.050840261270814
		92.46201289818404	-33.44848034741811
		92.48059686187543	-33.70452748678538
		92.49918082556681	-33.807522692325975
		92.5177647892582	-33.761173013590316
		92.53634875294958	-33.593101694930084
		92.55493271664096	-33.33122307193295
		92.57351668033235	-32.995383540204436
		92.59210064402373	-32.598876182454354
		92.61068460771511	-32.142103501737665
		92.6292685714065	-31.62832260400656
		92.64785253509788	-31.072204924497832
		92.66643649878927	-30.499570017990806
		92.68502046248064	-29.95871325284056
		92.70360442617202	-29.500795700835027
		92.7221883898634	-29.17600962634918
		92.74077235355479	-29.02147890813677
		92.75935631724617	-29.04413056841091
		92.77794028093756	-29.233159295374502
		92.79652424462894	-29.546675406358787
		92.81510820832032	-29.93459590171069
		92.83369217201171	-30.338108591140678
		92.85227613570308	-30.701808978280305
		92.87086009939446	-30.9808405463492
		92.88944406308585	-31.13998650122882
		92.90802802677723	-31.16251616026701
		92.92661199046861	-31.043792980891595
		92.94519595416	-30.800593280778006
		92.96377991785138	-30.46018917331153
		92.98236388154277	-30.06668599362569
		93.00094784523415	-29.66707793263287
		93.01953180892554	-29.309713486042465
		93.03811577261692	-29.03706759204736
		93.0566997363083	-28.878385953445406
		93.07528369999969	-28.853792966312206
		93.09386766369106	-28.96743035055696
		93.11245162738244	-29.214975836019082
		93.13103559107383	-29.578398665893857
		93.14961955476521	-30.031788443053085
		93.1682035184566	-30.536238023406707
		93.18678748214798	-31.048970135345343
		93.20537144583936	-31.522598054197033
		93.22395540953075	-31.916527123873596
		93.24253937322213	-32.20566051618003
		93.2611233369135	-32.38064028082265
		93.27970730060488	-32.46075018845207
		93.29829126429627	-32.477053581246906
		93.31687522798765	-32.47748420885761
		93.33545919167904	-32.507200362493506
		93.35404315537042	-32.60138780438773
		93.3726271190618	-32.780562425704574
		93.39121108275319	-33.037958354660205
		93.40979504644457	-33.35143287934999
		93.42837901013596	-33.6745874461253
		93.44696297382734	-33.95504581238568
		93.46554693751872	-34.13437417725299
		93.4841309012101	-34.16317315256911
		93.50271486490148	-34.01142170415971
		93.52129882859286	-33.67155807513547
		93.53988279228425	-33.17563956988106
		93.55846675597563	-32.577633213692295
		93.57705071966701	-31.965067638146547
		93.5956346833584	-31.426088300641737
		93.61421864704978	-31.04241185592484
		93.63280261074117	-30.86942077621043
		93.65138657443255	-30.913451901054636
		93.66997053812393	-31.150871593978696
		93.6885545018153	-31.511775480888314
		93.70713846550669	-31.920928127038234
		93.72572242919807	-32.30296525528223
		93.74430639288946	-32.60641326469516
		93.76289035658084	-32.824265059736156
		93.78147432027222	-32.95435274628784
