depth	d18O	depth_BD	d18O_BD
73.028	-35.2	73.05086541690598	-35.69245907849627
73.068	-34.07	73.06996824386684	-34.66250355698715
73.107	-33.29	73.0890710708277	-33.52258927632646
73.14699999999998	-32.76	73.10817389778855	-32.49220711164444
73.187	-32.79	73.12727672474941	-31.774582842283827
73.226	-33.26	73.14637955171027	-31.443966004264052
73.266	-34.09	73.16548237867113	-31.5049235184332
73.305	-34.24	73.18458520563199	-31.896936758691705
73.345	-33.98	73.20368803259285	-32.5262934018043
73.384	-33.27	73.22279085955371	-33.27831824998471
73.42399999999998	-32.8	73.24189368651457	-34.0289764816933
73.464	-32.83	73.26099651347542	-34.65679541795586
73.503	-33.23	73.28009934043628	-35.04996198442443
73.543	-34.66	73.29920216739714	-35.160611196822444
73.582	-36.28	73.318304994358	-34.980349642108884
73.622	-37.6	73.33740782131886	-34.57737173168523
73.661	-37.64	73.35651064827972	-34.05270073964554
73.70100000000002	-37.18	73.37561347524058	-33.49431443936149
73.74	-35.87	73.39471630220143	-32.97708239525431
73.78	-34.8	73.41381912916229	-32.52335502266631
73.819	-33.6	73.43292195612315	-32.13637072806778
73.859	-33.25	73.45202478308401	-31.849486657522903
73.898	-33.78	73.47112761004487	-31.716069722408616
73.938	-34.0	73.49023043700574	-31.837615353624436
73.977	-34.17	73.5093332639666	-32.3243677145789
74.017	-33.82	73.52843609092744	-33.20083543747474
74.056	-33.32	73.5475389178883	-34.43435777037505
74.096	-32.99	73.56664174484916	-35.8509820680606
74.135	-33.1	73.58574457181003	-37.21947278868862
74.17399999999998	-34.14	73.60484739877089	-38.32812401734489
74.214	-35.54	73.62395022573175	-38.996476299001394
74.253	-36.02	73.64305305269261	-39.20040713201736
74.293	-35.71	73.66215587965347	-38.990529589952
74.332	-35.42	73.68125870661432	-38.48158593507099
74.372	-34.32	73.70036153357518	-37.80464662561549
74.411	-33.74	73.71946436053604	-37.02363552324909
74.45	-33.52	73.7385671874969	-36.17251829739784
74.49	-33.44	73.75767001445776	-35.26896814942996
74.529	-33.83	73.77677284141862	-34.334937857785135
74.569	-33.87	73.79587566837948	-33.463033447020415
74.608	-33.24	73.81497849534033	-32.772390355933865
74.64699999999998	-32.65	73.83408132230119	-32.3706874603059
74.687	-31.9	73.85318414926205	-32.341930878252555
74.726	-32.07	73.87228697622291	-32.64840435638287
74.765	-32.89	73.89138980318377	-33.19600627785779
74.805	-34.04	73.91049263014463	-33.83626544628345
74.844	-35.94	73.92959545710549	-34.41007027080739
74.883	-36.77	73.94869828406634	-34.82329813275074
74.923	-36.22	73.9678011110272	-35.0147744278285
74.962	-35.0	73.98690393798806	-34.97231226073105
75.001	-33.58	74.00600676494892	-34.70357017978805
75.041	-32.46	74.02510959190978	-34.22370245207585
75.08	-32.5	74.04421241887064	-33.561583622539835
75.119	-33.18	74.0633152458315	-32.811831834534864
75.15899999999998	-33.7	74.08241807279236	-32.10349673547437
75.19800000000002	-33.63	74.10152089975321	-31.624839838420748
75.237	-32.92	74.12062372671407	-31.566490349705198
75.27600000000002	-31.73	74.13972655367493	-32.00447703010183
75.316	-30.83	74.1588293806358	-32.93985363299766
75.355	-30.36	74.17793220759665	-34.18055353405225
75.39399999999998	-30.18	74.19703503455752	-35.46533951234612
75.433	-30.79	74.21613786151838	-36.536127210489546
75.473	-31.73	74.23524068847922	-37.16950686512718
75.512	-32.15	74.25434351544008	-37.33305871596892
75.551	-32.38	74.27344634240094	-37.079462258325535
75.59	-32.33	74.2925491693618	-36.56034931783875
75.63	-31.86	74.31165199632267	-35.94790333127807
75.669	-31.36	74.33075482328353	-35.335992649807054
75.708	-30.87	74.34985765024439	-34.77937494177841
75.747	-30.82	74.36896047720523	-34.26677934793075
75.786	-30.93	74.3880633041661	-33.77286582896431
75.82600000000002	-31.93	74.40716613112696	-33.31890170738447
75.865	-33.25	74.42626895808782	-32.948763903164505
75.904	-34.68	74.44537178504868	-32.74299214758529
75.943	-35.72	74.46447461200954	-32.77999952305525
75.982	-35.85	74.4835774389704	-33.06127021569954
76.02199999999998	-35.47	74.50268026593126	-33.54434918729657
76.061	-34.51	74.52178309289211	-34.08974128112554
76.1	-33.55	74.54088591985297	-34.53220176756326
76.139	-32.54	74.55998874681383	-34.738434670668845
76.178	-32.31	74.57909157377469	-34.61030048181728
76.217	-32.55	74.59819440073555	-34.17746512595405
76.256	-33.13	74.61729722769641	-33.52086442657679
76.296	-33.73	74.63640005465727	-32.773333278010085
76.335	-33.82	74.65550288161812	-32.07241396458669
76.374	-33.6	74.67460570857898	-31.496065334743534
76.413	-33.11	74.69370853553984	-31.097352433268547
76.452	-32.64	74.7128113625007	-30.898718262534587
76.491	-32.84	74.73191418946156	-30.920244627685637
76.53	-33.81	74.75101701642242	-31.217458733756402
76.569	-34.46	74.77011984338328	-31.848341520388775
76.608	-34.56	74.78922267034415	-32.82948145002122
76.648	-34.21	74.80832549730499	-34.13611141093894
76.687	-33.41	74.82742832426585	-35.60459963125669
76.726	-32.32	74.84653115122671	-37.02144720577431
76.765	-31.77	74.86563397818757	-38.13503310173766
76.804	-31.66	74.88473680514844	-38.71292998085337
76.843	-31.95	74.9038396321093	-38.66726737877704
76.882	-33.25	74.92294245907016	-37.98634045671247
76.921	-33.74	74.942045286031	-36.815043713670974
76.96	-33.9	74.96114811299186	-35.351199306613886
76.999	-33.89	74.98025093995273	-33.82585415939152
77.038	-33.47	74.99935376691359	-32.467537371379095
77.077	-32.98	75.01845659387445	-31.449310965610977
77.116	-32.31	75.03755942083531	-30.906391356072074
77.155	-31.73	75.05666224779617	-30.874454120722454
77.194	-31.2	75.07576507475702	-31.334655211022536
77.233	-31.28	75.09486790171788	-32.150079723605884
77.27199999999998	-32.07	75.11397072867874	-33.14093340167044
77.311	-32.76	75.1330735556396	-34.08383001482548
77.35	-32.95	75.15217638260046	-34.764998508456145
77.389	-32.93	75.17127920956132	-35.06568968737948
77.428	-32.69	75.19038203652218	-34.92441834679012
77.467	-32.45	75.20948486348304	-34.41513447423877
77.506	-32.44	75.22858769044389	-33.654629210647364
77.545	-32.97	75.24769051740475	-32.786064377149685
77.584	-34.33	75.26679334436561	-31.942602258081802
77.623	-35.51	75.28589617132647	-31.185004148286247
77.66199999999998	-35.91	75.30499899828733	-30.547166713319672
77.70100000000002	-36.2	75.32410182524819	-30.0308028931407
77.74	-36.45	75.34320465220905	-29.637992096333466
77.778	-37.07	75.3623074791699	-29.407375217771108
77.817	-37.55	75.38141030613076	-29.38409283860527
77.85600000000002	-36.84	75.40051313309162	-29.60102265487645
77.895	-35.83	75.41961596005248	-30.067514623688993
77.934	-34.28	75.43871878701334	-30.71012787394115
77.973	-32.62	75.4578216139742	-31.428382295682212
78.012	-31.23	75.47692444093506	-32.097609151694165
78.051	-30.13	75.49602726789593	-32.60511981071983
78.09	-29.85	75.51513009485677	-32.90999951892713
78.12899999999998	-30.4	75.53423292181763	-33.00329488682385
78.167	-31.98	75.5533357487785	-32.93161360127349
78.206	-33.68	75.57243857573935	-32.75214205528881
78.245	-34.58	75.59154140270022	-32.51009745850528
78.28399999999998	-34.42	75.61064422966108	-32.24181711144262
78.32300000000002	-33.56	75.62974705662194	-31.960665181239357
78.362	-32.57	75.64884988358278	-31.672898737571856
78.4	-31.86	75.66795271054364	-31.378753072986687
78.439	-31.82	75.6870555375045	-31.07781105342183
78.47800000000002	-32.08	75.70615836446537	-30.772593921605143
78.517	-33.02	75.72526119142623	-30.47328196518255
78.556	-34.34	75.74436401838709	-30.21601170505294
78.595	-35.06	75.76346684534795	-30.051027536173933
78.633	-35.42	75.7825696723088	-30.05829487671051
78.672	-35.15	75.80167249926966	-30.315214011452472
78.711	-34.61	75.82077532623052	-30.864878190160233
78.75	-34.05	75.83987815319138	-31.716710617427793
78.789	-33.73	75.85898098015224	-32.78688886014301
78.827	-33.94	75.8780838071131	-33.95883415199095
78.866	-34.92	75.89718663407396	-35.074073426314996
78.905	-35.92	75.91628946103482	-35.98376129499394
78.944	-36.12	75.93539228799567	-36.606001864872155
78.982	-35.54	75.95449511495653	-36.89779493216675
79.021	-34.99	75.97359794191739	-36.90040626604831
79.06	-34.55	75.99270076887825	-36.673909071464166
79.09899999999998	-34.65	76.01180359583911	-36.27984649501739
79.137	-35.1	76.03090642279997	-35.76924781339578
79.176	-35.64	76.05000924976083	-35.15612665498319
79.215	-35.59	76.06911207672168	-34.45216937519426
79.25399999999998	-34.93	76.08821490368254	-33.68790952825376
79.292	-34.26	76.1073177306434	-32.91126906464937
79.331	-33.72	76.12642055760426	-32.21502333953497
79.37	-33.57	76.14552338456512	-31.693932955415715
79.408	-34.18	76.16462621152598	-31.418321579138265
79.447	-34.87	76.18372903848685	-31.430318649985107
79.486	-35.54	76.20283186544769	-31.696264391747114
79.524	-35.35	76.22193469240855	-32.15822090182525
79.563	-35.16	76.24103751936941	-32.729772860458404
79.602	-34.55	76.26014034633027	-33.32595248675812
79.641	-33.88	76.27924317329114	-33.8848799936789
79.679	-33.24	76.298346000252	-34.349635821101245
79.718	-32.6	76.31744882721286	-34.66439256431954
79.757	-32.31	76.33655165417372	-34.77356493112716
79.795	-32.43	76.35565448113456	-34.62166266694036
79.834	-32.87	76.37475730809543	-34.180146020957196
79.872	-33.98	76.39386013505629	-33.50410186012162
79.911	-35.16	76.41296296201715	-32.697111871048584
79.95	-35.57	76.43206578897801	-31.962011454625273
79.988	-35.54	76.45116861593887	-31.50095771193377
80.027	-35.28	76.47027144289973	-31.456280309568147
80.066	-35.19	76.48937426986058	-31.89707837700197
80.104	-35.29	76.50847709682144	-32.706256340734875
80.143	-35.25	76.5275799237823	-33.70892592768249
80.181	-35.09	76.54668275074316	-34.66197442825251
80.22	-34.53	76.56578557770402	-35.35233386227216
80.259	-33.47	76.58488840466488	-35.692634098090615
80.297	-32.51	76.60399123162574	-35.659625922874895
80.336	-32.15	76.62309405858659	-35.349815544613314
80.374	-32.37	76.64219688554745	-34.87247878303713
80.413	-33.5	76.66129971250831	-34.31115332288557
80.45100000000002	-34.59	76.68040253946917	-33.72217276285277
80.49	-34.97	76.69950536643003	-33.09742102433315
80.529	-35.16	76.71860819339089	-32.428779419474886
80.567	-34.7	76.73771102035175	-31.740388189823495
80.60600000000002	-34.31	76.75681384731261	-31.08797554478333
80.64399999999998	-34.25	76.77591667427346	-30.599715253642195
80.683	-34.7	76.79501950123432	-30.40190262791276
80.721	-35.74	76.81412232819518	-30.580857135713032
80.76	-36.7	76.83322515515604	-31.163470681163787
80.798	-37.05	76.8523279821169	-32.03273704797505
80.837	-36.76	76.87143080907776	-33.02623408228349
80.875	-36.13	76.89053363603863	-33.9246587913689
80.914	-35.01	76.90963646299949	-34.54224318248406
80.952	-34.02	76.92873928996033	-34.80872067461598
80.991	-33.59	76.9478421169212	-34.72221244151616
81.029	-33.34	76.96694494388205	-34.41144594711776
81.068	-33.74	76.98604777084292	-34.02217577655172
81.10600000000002	-34.09	77.00515059780378	-33.68858554249383
81.145	-33.93	77.02425342476464	-33.50059862939588
81.183	-33.09	77.0433562517255	-33.43797416125975
81.222	-32.18	77.06245907868635	-33.4376224025392
81.26	-31.58	77.0815619056472	-33.371727592320035
81.29899999999998	-31.73	77.10066473260807	-33.126709297241284
81.337	-32.32	77.11976755956893	-32.65143821463347
81.376	-34.08	77.13887038652979	-31.956143208519638
81.414	-36.51	77.15797321349065	-31.180975631252995
81.453	-38.0	77.17707604045151	-30.49599712905385
81.491	-38.02	77.19617886741236	-30.095488090592422
81.529	-37.26	77.21528169437322	-30.116745754878586
81.568	-35.28	77.23438452133408	-30.547152958303116
81.60600000000002	-33.81	77.25348734829494	-31.297643415213724
81.645	-32.53	77.2725901752558	-32.147990078145206
81.683	-32.02	77.29169300221666	-32.88983516775309
81.721	-32.5	77.31079582917752	-33.39119290611226
81.76	-32.93	77.32989865613837	-33.592698706768346
81.798	-33.11	77.34900148309923	-33.58167433531407
81.837	-33.07	77.36810431006009	-33.45871091827165
81.875	-33.07	77.38720713702095	-33.30481588695548
81.913	-33.24	77.40630996398181	-33.15426871840096
81.95200000000001	-33.61	77.42541279094267	-32.938533836689054
81.99	-34.25	77.44451561790353	-32.59875101466736
82.029	-34.44	77.4636184448644	-32.132908075938765
82.06700000000002	-34.23	77.48272127182524	-31.610181201282675
82.105	-33.64	77.5018240987861	-31.24470497529413
82.14399999999998	-33.25	77.52092692574696	-31.243640680358826
82.182	-32.94	77.54002975270782	-31.75170298102781
82.22	-33.04	77.55913257966868	-32.7945060606138
82.259	-33.39	77.57823540662955	-34.148819095507925
82.29700000000003	-34.08	77.5973382335904	-35.527409037021144
82.335	-34.08	77.61644106055125	-36.57672414782299
82.374	-33.86	77.63554388751211	-37.04658845364495
82.412	-33.21	77.65464671447297	-36.9351911904871
82.45	-32.74	77.67374954143384	-36.37555866082052
82.48899999999998	-32.57	77.6928523683947	-35.72253917822727
82.527	-32.7	77.71195519535556	-35.30873088362002
82.565	-33.2	77.73105802231642	-35.354612991511544
82.604	-33.07	77.75016084927728	-35.9382373346719
82.64200000000002	-32.9	77.76926367623813	-36.86387476671436
82.68	-32.35	77.78836650319899	-37.870032725393315
82.71799999999998	-31.58	77.80746933015985	-38.63117673952303
82.757	-30.65	77.82657215712071	-38.903012368248795
82.795	-29.86	77.84567498408157	-38.62932394151939
82.833	-29.27	77.86477781104243	-37.85516282666837
82.87200000000001	-29.04	77.88388063800329	-36.78664331003286
82.91	-29.78	77.90298346496414	-35.631714761758786
82.948	-30.68	77.922086291925	-34.56044469673262
82.986	-31.58	77.94118911888586	-33.67474670747017
83.025	-31.65	77.96029194584672	-32.947066422709916
83.06299999999997	-31.4	77.97939477280758	-32.31116100495124
83.101	-30.96	77.99849759976844	-31.65480662431256
83.139	-30.66	78.0176004267293	-30.901153346595304
83.178	-30.83	78.03670325369015	-30.055420072098016
83.21600000000002	-31.22	78.05580608065101	-29.188046388235055
83.25399999999998	-32.39	78.07490890761187	-28.47909321929886
83.292	-33.13	78.09401173457273	-28.115759459140634
83.33	-34.03	78.11311456153359	-28.273358924074344
83.369	-34.23	78.13221738849445	-29.04168218478655
83.40700000000002	-34.12	78.15132021545531	-30.346795601343437
83.445	-33.9	78.17042304241618	-32.019399626283395
83.48299999999998	-33.59	78.18952586937702	-33.74340275773758
83.521	-33.26	78.20862869633788	-35.212717748126124
83.56	-33.31	78.22773152329874	-36.17276541247353
83.598	-33.57	78.2468343502596	-36.47866928347634
83.63600000000002	-34.63	78.26593717722047	-36.18169744795341
83.67399999999998	-35.18	78.28504000418133	-35.41590833191727
		78.30414283114219	-34.42888061949
		78.32324565810303	-33.442171655009396
		78.3423484850639	-32.605846775780684
		78.36145131202476	-31.997816540807683
		78.38055413898562	-31.5782615978753
		78.39965696594648	-31.29536496349909
		78.41875979290734	-31.098735345259236
		78.4378626198682	-30.981275300140556
		78.45696544682906	-31.013090320388734
		78.4760682737899	-31.265552334368437
		78.49517110075077	-31.797348021386526
		78.51427392771163	-32.60419218305734
		78.53337675467249	-33.57323884173598
		78.55247958163335	-34.56120689496081
		78.57158240859421	-35.391702980217374
		78.59068523555507	-35.94237610917125
		78.60978806251592	-36.19023004139324
		78.62889088947678	-36.16581580427884
		78.64799371643764	-35.973905778972565
		78.6670965433985	-35.696783462843904
		78.68619937035936	-35.36612891199556
		78.70530219732022	-34.98039381968129
		78.72440502428108	-34.49123460294576
		78.74350785124193	-33.892439421611805
		78.76261067820279	-33.2556516895874
		78.78171350516365	-32.70688291191324
		78.80081633212451	-32.448466721014384
		78.81991915908537	-32.628401380578
		78.83902198604623	-33.293209325544346
		78.8581248130071	-34.36924950856121
		78.87722763996794	-35.6043668644548
		78.8963304669288	-36.72713817168556
		78.91543329388966	-37.46291567389882
		78.93453612085052	-37.6488100203451
		78.95363894781138	-37.30012984775528
		78.97274177477225	-36.52736956764866
		78.9918446017331	-35.56491261892158
		79.01094742869397	-34.63275651697811
		79.03005025565481	-33.9108957734622
		79.04915308261567	-33.51469669487925
		79.06825590957654	-33.465006969818965
		79.0873587365374	-33.73789595891823
		79.10646156349826	-34.253273768118135
		79.12556439045912	-34.91063548416852
		79.14466721741998	-35.585949129375656
		79.16377004438084	-36.16040622984816
		79.18287287134169	-36.52655276638299
		79.20197569830255	-36.61354702350831
		79.22107852526341	-36.403935957389706
		79.24018135222427	-35.92084420148302
		79.25928417918513	-35.240736375236146
		79.27838700614599	-34.45820872146108
		79.29748983310685	-33.687909111138026
		79.3165926600677	-33.04170590475421
		79.33569548702856	-32.624609960060454
		79.35479831398942	-32.51134258316435
		79.37390114095028	-32.733185085938125
		79.39300396791114	-33.26414889922081
		79.412106794872	-34.00177456164555
		79.43120962183286	-34.81386893687077
		79.45031244879371	-35.5357759539896
		79.46941527575457	-36.04443304074956
		79.48851810271543	-36.27880557376358
		79.50762092967629	-36.23838269825879
		79.52672375663715	-35.999239553800976
		79.54582658359801	-35.6431426118643
		79.56492941055888	-35.25135977558973
		79.58403223751972	-34.8741504492066
		79.60313506448058	-34.52003091277957
		79.62223789144144	-34.18711995168587
		79.6413407184023	-33.863729590195035
		79.66044354536317	-33.542719823877235
		79.67954637232403	-33.22367058486087
		79.69864919928489	-32.900447437553545
		79.71775202624575	-32.55921797407157
		79.7368548532066	-32.19900094882638
		79.75595768016746	-31.837159679113416
		79.77506050712832	-31.532517538515222
		79.79416333408918	-31.395117939612323
		79.81326616105004	-31.52805722108355
		79.8323689880109	-32.01886712574723
		79.85147181497176	-32.86339708237062
		79.8705746419326	-33.942089184926466
		79.88967746889347	-35.073747638582105
		79.90878029585433	-36.0118094514537
		79.92788312281519	-36.581759437156805
		79.94698594977605	-36.70612353539259
		79.96608877673691	-36.423088834552885
		79.98519160369777	-35.90475006477399
		80.00429443065863	-35.332203942067984
		80.02339725761948	-34.88513180607632
		80.04250008458034	-34.66222865936014
		80.0616029115412	-34.66404608347455
		80.08070573850206	-34.84546772730013
		80.09980856546292	-35.114664145702356
		80.11891139242378	-35.39648468081078
		80.13801421938464	-35.63880737730076
		80.15711704634549	-35.79845522587573
		80.17621987330635	-35.840769431736476
		80.19532270026721	-35.72057880825168
		80.21442552722807	-35.38104996816899
		80.23352835418893	-34.79451986169912
		80.2526311811498	-33.9697016224304
		80.27173400811066	-32.98418641612888
		80.2908368350715	-31.99181681039976
		80.30993966203236	-31.166010384957016
		80.32904248899322	-30.694650446518832
		80.34814531595408	-30.685787223699627
		80.36724814291495	-31.154527432704707
		80.3863509698758	-32.01717310724107
		80.40545379683667	-33.08667724252474
		80.42455662379753	-34.171611219249996
		80.44365945075837	-35.08442871252039
		80.46276227771924	-35.71410889100396
		80.4818651046801	-36.03372511112624
		80.50096793164096	-36.06426771340214
		80.52007075860182	-35.87306339142652
		80.53917358556268	-35.51818540846722
		80.55827641252354	-35.04572102975143
		80.57737923948439	-34.50645697091562
		80.59648206644525	-33.957937188462274
		80.61558489340611	-33.48802737346516
		80.63468772036697	-33.214782381726586
		80.65379054732783	-33.2334315462798
		80.67289337428869	-33.610626445866366
		80.69199620124955	-34.325701358723066
		80.71109902821041	-35.26845878864951
		80.73020185517126	-36.28326088274702
		80.74930468213212	-37.17516562856933
		80.76840750909298	-37.806157581278924
		80.78751033605384	-38.100281900600436
		80.8066131630147	-38.05925469228167
		80.82571598997556	-37.75929544732764
		80.84481881693642	-37.28287605839058
		80.86392164389727	-36.7137114930311
		80.88302447085813	-36.09686742846046
		80.90212729781899	-35.43974714092855
		80.92123012477985	-34.74835543267635
		80.94033295174071	-34.030953891332175
		80.95943577870158	-33.34035179352972
		80.97853860566244	-32.77210585093863
		80.99764143262328	-32.42937333758346
		81.01674425958414	-32.41671242089392
		81.035847086545	-32.75338128931746
		81.05494991350587	-33.37438998532184
		81.07405274046673	-34.126265791353255
		81.09315556742759	-34.778940749789385
		81.11225839438845	-35.150027315233984
		81.1313612213493	-35.11056329284753
		81.15046404831016	-34.668014274231574
		81.16956687527102	-33.953575843409496
		81.18866970223188	-33.12638896589913
		81.20777252919274	-32.36154276965624
		81.2268753561536	-31.736439029525275
		81.24597818311446	-31.23981024350904
		81.2650810100753	-30.842207317052168
		81.28418383703617	-30.506565941309947
		81.30328666399703	-30.30038003771123
		81.32238949095789	-30.38283832754339
		81.34149231791875	-30.911222071937615
		81.36059514487961	-32.028021907071285
		81.37969797184047	-33.69014710611974
		81.39880079880133	-35.68921927843247
		81.4179036257622	-37.708035390793206
		81.43700645272304	-39.349237866366494
		81.4561092796839	-40.351813916171665
		81.47521210664476	-40.582685437153174
		81.49431493360562	-40.09203778215721
		81.51341776056648	-39.08055836303246
		81.53252058752734	-37.761524505140486
		81.5516234144882	-36.34999682113169
		81.57072624144905	-34.981745852562874
		81.58982906840991	-33.72675840119236
		81.60893189537077	-32.642947715340455
		81.62803472233163	-31.78094328434696
		81.6471375492925	-31.20648005365865
		81.66624037625336	-30.993598242157677
		81.68534320321422	-31.15304592826989
		81.70444603017506	-31.639777343894817
		81.72354885713592	-32.328288570174465
		81.74265168409678	-33.03247427086194
		81.76175451105765	-33.59192115003681
		81.7808573380185	-33.874344140018465
		81.79996016497937	-33.84943442656577
		81.81906299194023	-33.56913070759151
		81.83816581890107	-33.142769344515635
		81.85726864586194	-32.72036839152058
		81.8763714728228	-32.426964929983875
		81.89547429978366	-32.3631896340691
		81.91457712674452	-32.5626008418829
		81.93367995370538	-33.00452512135702
		81.95278278066624	-33.60824448294727
		81.97188560762709	-34.24922696229415
		81.99098843458795	-34.80240186635005
		82.01009126154881	-35.14792728155098
		82.02919408850967	-35.23327819006259
		82.04829691547053	-35.05916310213056
		82.06739974243139	-34.682169195883105
		82.08650256939225	-34.197386993780476
		82.10560539635311	-33.68508370349273
		82.12470822331397	-33.212008117624684
		82.14381105027482	-32.81478922516798
		82.16291387723568	-32.509601904081016
		82.18201670419654	-32.32239959900445
		82.2011195311574	-32.28613065018815
		82.22022235811826	-32.43119214150681
		82.23932518507912	-32.781562865730066
		82.25842801203999	-33.30325263942661
		82.27753083900083	-33.91902627366524
		82.29663366596169	-34.5100906131595
		82.31573649292255	-34.933500881647994
		82.33483931988341	-35.09219634929829
		82.35394214684428	-34.92764801565816
		82.37304497380514	-34.46875253282802
		82.392147800766	-33.80583797794253
		82.41125062772684	-33.06859596136653
		82.4303534546877	-32.40904165161823
		82.44945628164857	-31.94232082061779
		82.46855910860943	-31.752589471642185
		82.48766193557029	-31.847901702286226
		82.50676476253115	-32.182701671368484
		82.52586758949201	-32.660845175968554
		82.54497041645286	-33.15572004723008
		82.56407324341372	-33.559165341551456
		82.58317607037458	-33.78061229336223
		82.60227889733544	-33.79147359905421
		82.6213817242963	-33.60570310463356
		82.64048455125716	-33.27601596490148
		82.65958737821802	-32.877498255455755
		82.67869020517888	-32.46842291522036
		82.69779303213973	-32.092044780626004
		82.71689585910059	-31.744080093930272
		82.73599868606145	-31.389516424176943
		82.75510151302231	-30.975920199165817
		82.77420433998317	-30.44597201950209
		82.79330716694403	-29.800365673815257
		82.8124099939049	-29.08224921264922
		82.83151282086575	-28.41249755263891
		82.8506156478266	-27.9552274640194
		82.86971847478746	-27.844918525507733
		82.88882130174832	-28.184384472311045
		82.90792412870918	-28.935365224328002
		82.92702695567004	-29.969266508819885
		82.9461297826309	-31.07770851299902
		82.96523260959177	-32.01557576339634
		82.98433543655261	-32.62668148896351
		83.00343826351347	-32.819761855877424
		83.02254109047433	-32.63713441887366
		83.0416439174352	-32.19839016068205
		83.06074674439606	-31.639504793669023
		83.07984957135692	-31.09812715649245
		83.09895239831778	-30.64403325381436
		83.11805522527862	-30.306754957882415
		83.13715805223949	-30.093489650551902
		83.15626087920035	-30.002076940658537
		83.1753637061612	-30.05610496500219
		83.19446653312207	-30.291203892683143
		83.21356936008293	-30.72350631792091
		83.23267218704379	-31.351743756967032
		83.25177501400464	-32.11267902337381
		83.2708778409655	-32.90930086889439
		83.28998066792636	-33.639052336711345
		83.30908349488722	-34.20397125345173
		83.32818632184808	-34.57195192926434
		83.34728914880894	-34.749400646987
		83.3663919757698	-34.77702830683091
		83.38549480273065	-34.709122480213544
		83.40459762969151	-34.564078356048725
		83.42370045665237	-34.34111948666933
		83.44280328361323	-34.034318124455915
		83.46190611057409	-33.642639363632775
		83.48100893753495	-33.228420330563814
		83.50011176449581	-32.88679870967563
		83.51921459145666	-32.71943468531756
		83.53831741841752	-32.81495995499893
		83.55742024537838	-33.12759029033878
		83.57652307233924	-33.544901425558756
		83.5956258993001	-33.953990922972814
