depth	d18O	depth_BD	d18O_BD
53.4	-35.45	53.42783706344925	-35.839628267948704
53.444	-35.43	53.4484706636907	-35.69263103780019
53.487	-34.99	53.469104263932145	-35.45538828003722
53.53100000000001	-34.33	53.48973786417359	-35.14035833139784
53.574	-33.79	53.51037146441504	-34.76006323924009
53.618	-33.56	53.53100506465648	-34.33606341274204
53.662	-33.55	53.55163866489793	-33.90825761143818
53.705	-34.15	53.57227226513937	-33.521436794850665
53.749	-34.92	53.592905865380814	-33.225679236431155
53.792	-35.46	53.61353946562226	-33.062246928015306
53.83600000000001	-36.08	53.634173065863706	-33.05354871795922
53.879	-36.7	53.65480666610515	-33.20198609695328
53.922	-36.46	53.6754402663466	-33.47509811768582
53.966	-36.01	53.696073866588044	-33.83128566059934
54.00899999999999	-35.28	53.71670746682949	-34.21922045142765
54.053	-34.75	53.73734106707093	-34.60166167702321
54.096	-34.73	53.757974667312375	-34.97049320106712
54.14	-34.94	53.77860826755382	-35.32970407897502
54.183	-36.24	53.79924186779527	-35.699805848491806
54.226000000000006	-37.12	53.81987546803671	-36.08751541221364
54.27	-37.14	53.84050906827816	-36.470259883001056
54.313	-36.78	53.861142668519605	-36.80943575031755
54.357	-36.32	53.881776268761044	-37.04293304774771
54.4	-35.11	53.90240986900249	-37.121140086691874
54.44300000000001	-36.1	53.923043469243936	-37.02206359922249
54.486	-36.3	53.94367706948538	-36.74774890317391
54.53	-36.15	53.96431066972683	-36.33829148187763
54.573	-35.79	53.984944269968274	-35.8404388732444
54.61600000000001	-35.25	54.00557787020972	-35.305684879940365
54.66	-34.96	54.02621147045116	-34.78470105955676
54.703	-34.74	54.046845070692605	-34.32592679665284
54.746	-34.46	54.06747867093405	-33.983750026736466
54.789	-34.37	54.0881122711755	-33.82315929279742
54.833	-34.4	54.10874587141694	-33.899293853042145
54.87600000000001	-34.47	54.12937947165839	-34.24804785135403
54.919	-35.11	54.150013071899835	-34.86475842648917
54.962	-35.81	54.17064667214128	-35.67870333108377
55.006	-36.07	54.19128027238272	-36.58330571866613
55.049	-36.42	54.211913872624166	-37.422756374508715
55.092	-35.77	54.23254747286561	-38.05130991896261
55.135	-35.4	54.25318107310706	-38.34848075942807
55.178	-35.25	54.273814673348504	-38.24938620686202
55.221	-34.97	54.29444827358995	-37.777257518489684
55.264	-35.28	54.315081873831396	-37.01916140242113
55.308	-35.03	54.33571547407284	-36.15244776137385
55.351000000000006	-35.03	54.35634907431428	-35.36504385927548
55.394	-34.82	54.37698267455573	-34.84746232053555
55.437	-34.91	54.39761627479717	-34.71627604867657
55.48	-34.95	54.41824987503862	-34.96938072717312
55.523	-34.9	54.438883475280065	-35.5198246318502
55.566	-35.13	54.45951707552151	-36.16459779421041
55.609	-34.44	54.48015067576296	-36.710885504221444
55.652	-35.72	54.500784276004396	-36.998717211899816
55.695	-36.39	54.52141787624584	-36.95401028038872
55.738	-36.46	54.54205147648729	-36.630378259990266
55.78100000000001	-36.24	54.562685076728734	-36.12737667515966
55.824	-35.63	54.58331867697018	-35.59703069419308
55.867	-35.51	54.603952277211626	-35.15693432832169
55.91	-35.31	54.62458587745307	-34.865893982706105
55.953	-35.3	54.64521947769451	-34.73474664852406
55.996	-35.3	54.66585307793596	-34.710531474251546
56.039	-35.31	54.6864866781774	-34.734221213771995
56.082	-35.05	54.70712027841885	-34.745840475047935
56.125	-35.04	54.727753878660295	-34.7064266153067
56.168	-34.78	54.74838747890174	-34.607756493880395
56.21100000000001	-34.31	54.76902107914319	-34.45816284433986
56.253	-33.6	54.78965467938463	-34.286298759687035
56.29600000000001	-32.89	54.81028827962607	-34.12723336024825
56.339	-32.59	54.83092187986752	-34.0228150760994
56.382	-32.55	54.85155548010896	-34.011785247322756
56.425	-32.97	54.87218908035041	-34.127447143452734
56.468	-33.15	54.892822680591856	-34.38528880218645
56.511	-33.05	54.9134562808333	-34.77626262199436
56.553	-33.62	54.93408988107475	-35.26685565451334
56.596	-33.84	54.954723481316194	-35.79249603092424
56.639	-33.96	54.97535708155763	-36.280359287589285
56.682	-33.63	54.99599068179908	-36.65002821224393
56.725	-33.48	55.016624282040524	-36.842319865969856
56.767	-33.38	55.03725788228197	-36.827909128476676
56.81	-33.47	55.05789148252342	-36.61361864730885
56.853	-33.83	55.07852508276486	-36.25155503760211
56.896	-33.95	55.09915868300631	-35.812204438475696
56.938	-33.69	55.11979228324775	-35.385516053877815
56.981	-33.27	55.14042588348919	-35.04540723865179
57.024	-33.06	55.16105948373064	-34.84261415965179
57.067	-32.9	55.181693083972085	-34.79439127648618
57.109	-32.95	55.20232668421353	-34.87679287251346
57.152	-33.8	55.22296028445498	-35.04431362149716
57.195	-34.58	55.24359388469642	-35.22790770021598
57.237	-35.28	55.26422748493787	-35.36543934318162
57.28	-35.71	55.28486108517931	-35.406104042462985
57.322	-35.75	55.305494685420754	-35.32980276201333
57.365	-35.96	55.3261282856622	-35.15409138758245
57.408	-36.21	55.346761885903646	-34.92415802852164
57.45	-36.33	55.36739548614509	-34.715634990300174
57.493	-36.29	55.38802908638654	-34.5944803661739
57.536	-36.33	55.408662686627984	-34.611314065873025
57.578	-36.06	55.42929628686942	-34.767880822129435
57.621	-35.46	55.44992988711087	-35.008032993381214
57.663	-35.0	55.470563487352315	-35.245078235042776
57.706	-34.07	55.49119708759376	-35.36202073032088
57.74800000000001	-33.43	55.51183068783521	-35.290207081959196
57.791	-33.21	55.53246428807665	-35.021782066538485
57.833	-33.62	55.5530978883181	-34.63019786802961
57.87600000000001	-34.11	55.573731488559545	-34.27788213182796
57.918	-34.53	55.594365088800984	-34.11687568474404
57.96100000000001	-34.67	55.61499868904243	-34.278003085871276
58.003	-34.99	55.635632289283876	-34.781017511715255
58.04600000000001	-35.4	55.65626588952532	-35.52027787247475
58.088	-35.54	55.67689948976677	-36.32952503571164
58.131	-35.91	55.697533090008214	-36.98538166682381
58.173	-36.04	55.71816669024966	-37.33823902369623
58.216	-36.01	55.7388002904911	-37.326308174013846
58.258	-36.33	55.759433890732545	-36.987480319205844
58.3	-36.51	55.78006749097399	-36.46292834108789
58.343	-37.22	55.80070109121544	-35.89746901534771
58.385	-37.78	55.82133469145688	-35.431762151136255
58.428	-38.25	55.84196829169833	-35.14186292681836
58.47	-38.48	55.862601891939775	-35.03404842289965
58.512	-38.45	55.883235492181214	-35.0752404916383
58.555	-37.89	55.90386909242266	-35.1950282631201
58.597	-37.2	55.924502692664106	-35.33188109462831
58.639	-36.6	55.94513629290555	-35.43619806514901
58.682	-36.3	55.965769893147	-35.4802796518011
58.724	-35.95	55.986403493388444	-35.45892159677689
58.76600000000001	-35.88	56.00703709362989	-35.38198150224032
58.809	-35.83	56.027670693871336	-35.27375532654244
58.851000000000006	-35.31	56.048304294112775	-35.16375048990118
58.893	-34.79	56.06893789435422	-35.085411946996814
58.93600000000001	-34.28	56.08957149459567	-35.05784192696437
58.978	-34.38	56.11020509483711	-35.08453179500921
59.02	-34.66	56.13083869507856	-35.14131718610352
59.062	-35.27	56.151472295320005	-35.17734893163176
59.105	-35.56	56.17210589556145	-35.13566239129678
59.147	-35.69	56.1927394958029	-34.95611738890587
59.18899999999999	-35.8	56.213373096044336	-34.61387439288799
59.231	-36.05	56.23400669628578	-34.12012988122607
59.273	-36.09	56.25464029652723	-33.53095838969188
59.316	-35.95	56.275273896768674	-32.94348206793834
59.358	-35.9	56.29590749701012	-32.45441363501352
59.4	-36.2	56.316541097251566	-32.1557649281877
59.442	-36.21	56.33717469749301	-32.08316743832636
59.484	-35.86	56.35780829773445	-32.217765155729495
59.526	-35.19	56.3784418979759	-32.4907175902562
59.569	-34.95	56.39907549821734	-32.79058764279298
59.611	-34.89	56.41970909845879	-33.0293077709612
59.653	-34.94	56.440342698700235	-33.144873460000596
59.695	-35.87	56.46097629894168	-33.14215176449597
59.737	-36.83	56.48160989918313	-33.085607069988185
59.779	-37.11	56.502243499424566	-33.05262567354524
59.82100000000001	-37.1	56.52287709966601	-33.12691048978386
59.863	-36.67	56.54351069990746	-33.332988807151246
59.905	-36.3	56.564144300148904	-33.64119823473306
59.947	-36.17	56.58477790039035	-33.9802775458932
59.989	-36.19	56.605411500631796	-34.24645894797329
60.03100000000001	-36.63	56.62604510087324	-34.36825320746274
60.073	-36.76	56.64667870111469	-34.3059388474482
60.115	-36.77	56.667312301356134	-34.076778801709935
60.157	-36.51	56.68794590159757	-33.74621816775781
60.199	-36.26	56.70857950183902	-33.39579866056143
60.24100000000001	-35.71	56.729213102080465	-33.11739151822427
60.283	-35.6	56.74984670232191	-32.97222693641488
60.325	-35.49	56.77048030256336	-32.99330110332613
60.367	-35.39	56.7911139028048	-33.169542652706795
60.409	-35.68	56.81174750304625	-33.453401319318985
60.451	-36.24	56.83238110328769	-33.77764285851244
60.493	-36.94	56.853014703529134	-34.061452489706035
60.535	-36.97	56.87364830377058	-34.2466339077411
60.577	-36.79	56.894281904012026	-34.295705319861376
60.619	-36.51	56.91491550425347	-34.2080052936243
60.661	-35.66	56.93554910449492	-34.01194783993591
60.703	-35.62	56.956182704736364	-33.743701506630096
60.745	-35.25	56.9768163049778	-33.444036406400016
60.786	-34.98	56.99744990521925	-33.14133952823502
60.828	-34.57	57.018083505460694	-32.85477825863599
60.87	-34.0	57.03871710570214	-32.60960610452331
60.912	-33.84	57.05935070594359	-32.43666972175447
60.95399999999999	-33.58	57.07998430618503	-32.37806506561331
60.996	-33.66	57.10061790642648	-32.482341912115984
61.037	-33.64	57.121251506667925	-32.770866907760606
61.07899999999999	-34.25	57.14188510690936	-33.24118685964642
61.121	-35.35	57.16251870715081	-33.84230382012669
61.163	-36.4	57.183152307392255	-34.48754348471477
61.205	-36.87	57.2037859076337	-35.08510160749269
61.246	-37.02	57.22441950787515	-35.543851480102596
61.288	-37.13	57.24505310811659	-35.82419250910667
61.33	-37.02	57.26568670835804	-35.92705158966793
61.372	-37.03	57.28632030859948	-35.899740084258234
61.413	-36.62	57.306953908840924	-35.821046996429544
61.455	-36.28	57.32758750908237	-35.758442249566244
61.497	-35.92	57.348221109323816	-35.767539693565766
61.539	-35.41	57.36885470956526	-35.85978550405569
61.58	-35.15	57.38948830980671	-36.01474956321985
61.622	-34.63	57.410121910048154	-36.19472214922292
61.664	-34.18	57.4307555102896	-36.352172567873
61.705	-33.85	57.45138911053104	-36.45956921694374
61.747	-33.84	57.472022710772485	-36.504701088657946
61.789	-34.21	57.49265631101393	-36.495152503015824
61.83	-34.77	57.51328991125538	-36.451297560675535
61.872	-34.91	57.53392351149682	-36.38990942590967
61.913	-34.95	57.55455711173827	-36.32358258052113
61.955	-35.36	57.575190711979715	-36.245501885251095
61.997	-35.24	57.595824312221154	-36.13505978155463
62.038	-35.0	57.6164579124626	-35.958608177417446
62.08	-34.58	57.637091512704046	-35.67600393713782
62.122	-33.89	57.65772511294549	-35.26784577116059
62.163	-33.58	57.67835871318694	-34.73244588947557
62.205	-33.43	57.698992313428384	-34.11748231247007
62.246	-33.57	57.71962591366983	-33.50325887872539
62.288	-33.85	57.740259513911276	-32.98736319825542
62.32899999999999	-33.98	57.760893114152715	-32.67287875438052
62.371	-34.06	57.78152671439416	-32.60796466226959
62.412	-33.82	57.80216031463561	-32.800280391609874
62.45399999999999	-33.98	57.82279391487705	-33.18750638374689
62.495	-34.11	57.8434275151185	-33.66498599715022
62.537	-34.36	57.864061115359945	-34.12897822855957
62.578	-34.56	57.88469471560139	-34.48276131354593
62.62	-34.62	57.90532831584284	-34.69359801652706
62.661	-34.63	57.925961916084276	-34.770910228186175
62.703	-34.96	57.94659551632572	-34.76541966663285
62.744	-35.21	57.96722911656717	-34.749883079501785
62.786	-35.53	57.987862716808614	-34.77656284240455
62.827	-36.2	58.00849631705006	-34.881820053714364
62.869	-36.51	58.029129917291506	-35.06415727310656
62.91	-37.01	58.04976351753295	-35.2992634174682
		58.07039711777439	-35.552001099153266
		58.09103071801584	-35.78245054602611
		58.11166431825728	-35.962667404685575
		58.13229791849873	-36.073313084624765
		58.152931518740175	-36.11258207537628
		58.17356511898162	-36.0900033768067
		58.19419871922307	-36.0304854051966
		58.214832319464506	-35.967592601377554
		58.23546591970595	-35.93733828339515
		58.2560995199474	-35.97519280544588
		58.276733120188844	-36.09989105539571
		58.29736672043029	-36.31894907435949
		58.318000320671736	-36.61972296702021
		58.33863392091318	-36.978492987909604
		58.35926752115462	-37.367703185351964
		58.379901121396074	-37.75846263818405
		58.40053472163751	-38.12735541272481
		58.42116832187896	-38.45350721702123
		58.441801922120405	-38.71342760786209
		58.46243552236185	-38.88230829274039
		58.4830691226033	-38.93562391878697
		58.50370272284474	-38.85161106946833
		58.52433632308619	-38.63046457016786
		58.54496992332763	-38.28624147700222
		58.565603523569074	-37.85695048048945
		58.58623712381052	-37.39196851362634
		58.606870724051966	-36.937275037324625
		58.62750432429341	-36.535002175792876
		58.64813792453486	-36.20998146256092
		58.668771524776304	-35.9776186100848
		58.68940512501774	-35.84464570609137
		58.71003872525919	-35.811785691014606
		58.730672325500635	-35.86486124856083
		58.75130592574208	-35.97920952859295
		58.77193952598353	-36.1032673594318
		58.79257312622497	-36.173411067706766
		58.81320672646642	-36.129250131705106
		58.83384032670786	-35.91925702824823
		58.854473926949304	-35.54700881945732
		58.87510752719075	-35.048164728815024
		58.895741127432196	-34.510781227914244
		58.91637472767364	-34.04403102078781
		58.93700832791509	-33.74020491706083
		58.957641928156534	-33.67356855170385
		58.97827552839797	-33.842850395324895
		58.99890912863942	-34.20631722662748
		59.019542728880865	-34.6695041252534
		59.04017632912231	-35.119615963253125
		59.06080992936376	-35.474624026554324
		59.0814435296052	-35.67659665349154
		59.10207712984665	-35.74299899362165
		59.122710730088095	-35.72597392739167
		59.14334433032954	-35.697441769427066
		59.16397793057098	-35.72860589670147
		59.184611530812425	-35.83085624818699
		59.20524513105387	-35.98469158038114
		59.22587873129532	-36.1290769134958
		59.24651233153676	-36.19353762290504
		59.26714593177821	-36.15599964325637
		59.287779532019655	-36.02323311353135
		59.308413132261094	-35.86257199975486
		59.32904673250254	-35.76019958124124
		59.349680332743986	-35.76961437063567
		59.37031393298543	-35.91870081162325
		59.39094753322688	-36.155103768689536
		59.411581133468324	-36.394679239110815
		59.43221473370977	-36.54852027919997
		59.45284833395121	-36.5372049408217
		59.473481934192655	-36.35016985054397
		59.4941155344341	-36.009186046071896
		59.51474913467555	-35.57433191735583
		59.53538273491699	-35.11760116761512
		59.55601633515844	-34.69709930211731
		59.576649935399885	-34.36451004201432
		59.597283535641324	-34.16387177863019
		59.61791713588278	-34.13494054805088
		59.638550736124216	-34.30874821043528
		59.65918433636566	-34.703903841923825
		59.67981793660711	-35.285953065879745
		59.700451536848554	-35.99294110405304
		59.72108513709	-36.71387915413482
		59.741718737331446	-37.32623844285158
		59.76235233757289	-37.7386464887294
		59.78298593781433	-37.88492481718571
		59.80361953805578	-37.77802881860831
		59.82425313829722	-37.46507200441986
		59.84488673853867	-37.03199222784873
		59.865520338780115	-36.57415613713702
		59.88615393902156	-36.16749793025468
		59.90678753926301	-35.874665271144835
		59.927421139504446	-35.7223436920026
		59.94805473974589	-35.72014023241511
		59.96868833998734	-35.8502256067502
		59.989321940228784	-36.08275695976194
		60.00995554047023	-36.37185791539086
		60.030589140711676	-36.66688951585548
		60.05122274095312	-36.919071382006614
		60.07185634119456	-37.08448190257355
		60.09248994143601	-37.140555606226535
		60.11312354167745	-37.07696322154032
		60.1337571419189	-36.91088887039753
		60.154390742160345	-36.67085689276484
		60.17502434240179	-36.39936416635375
		60.19565794264324	-36.139988239523035
		60.21629154288468	-35.92108680787946
		60.23692514312613	-35.759769440356294
		60.25755874336757	-35.641451410176856
		60.278192343609014	-35.54181205396302
		60.29882594385046	-35.43490718966106
		60.319459544091906	-35.30320542242773
		60.34009314433335	-35.17024872083604
		60.3607267445748	-35.075910712449115
		60.381360344816244	-35.08047444527251
		60.40199394505768	-35.23959659658364
		60.42262754529913	-35.56192047186566
		60.443261145540575	-36.02927770049794
		60.46389474578202	-36.56312392462959
		60.48452834602347	-37.06861401719681
		60.50516194626491	-37.452937086104896
		60.52579554650636	-37.63728105339085
		60.5464291467478	-37.60102245244766
		60.567062746989244	-37.352154788493586
		60.58769634723069	-36.95368344321107
		60.608329947472136	-36.48537412220956
		60.62896354771358	-36.03572135202317
		60.64959714795503	-35.68467486795409
		60.670230748196474	-35.467035085525815
		60.69086434843791	-35.39139565911324
		60.71149794867936	-35.40693528175943
		60.732131548920805	-35.44596116176896
		60.75276514916225	-35.43423783507914
		60.7733987494037	-35.31033381900013
		60.79403234964514	-35.07071288549873
		60.81466594988659	-34.73813590152299
		60.835299550128035	-34.382035730348996
		60.855933150369474	-34.07554536320346
		60.87656675061092	-33.86127677149689
		60.897200350852366	-33.75787500048188
		60.91783395109381	-33.720362250824714
		60.93846755133526	-33.68977004103204
		60.959101151576704	-33.61213294336426
		60.97973475181815	-33.45577017456578
		61.000368352059596	-33.268124603756725
		61.021001952301035	-33.12441201432445
		61.04163555254248	-33.134004936827445
		61.06226915278393	-33.39180883975082
		61.08290275302537	-33.910985908318025
		61.10353635326682	-34.659127803510216
		61.124169953508265	-35.50678290615623
		61.14480355374971	-36.308360447109216
		61.16543715399115	-36.938685324110594
		61.186070754232595	-37.30739105371388
		61.20670435447404	-37.430488617156676
		61.22733795471549	-37.362143396327895
		61.24797155495693	-37.207855297226246
		61.26860515519838	-37.06964883416985
		61.289238755439825	-36.99954307516666
		61.309872355681264	-37.01994246542514
		61.33050595592272	-37.089291499389034
		61.351139556164156	-37.15262684953159
		61.3717731564056	-37.15530428422934
		61.39240675664705	-37.05626778031427
		61.413040356888494	-36.85901336391469
		61.43367395712994	-36.58448270252457
		61.45430755737138	-36.28056012093612
		61.47494115761283	-35.99584043501893
		61.49557475785427	-35.763637255576626
		61.51620835809572	-35.602599365332324
		61.53684195833716	-35.4945871081743
		61.55747555857861	-35.40803695034613
		61.578109158820055	-35.29213688440085
		61.598742759061494	-35.10093129432661
		61.61937635930295	-34.81508420271173
		61.640009959544386	-34.43783112189278
		61.66064355978583	-34.02563567886963
		61.68127716002728	-33.649637623189044
		61.701910760268724	-33.39470550390696
		61.72254436051017	-33.32854648606015
		61.743177960751616	-33.46015441825802
		61.76381156099306	-33.76566633296545
		61.7844451612345	-34.15664204058188
		61.80507876147595	-34.53899650019946
		61.82571236171739	-34.83649341755027
		61.84634596195884	-35.00179884483878
		61.866979562200285	-35.061129748834645
		61.88761316244173	-35.061199070367394
		61.90824676268318	-35.069669611244024
		61.928880362924616	-35.13866691208577
		61.94951396316607	-35.266658663174944
		61.97014756340751	-35.42792992271718
		61.990781163648954	-35.555719745242605
		62.0114147638904	-35.58537652826959
		62.032048364131846	-35.47710934040166
		62.05268196437329	-35.2138402308854
		62.07331556461474	-34.828304893168344
		62.093949164856184	-34.368993487380905
		62.11458276509762	-33.90422088448332
		62.13521636533907	-33.49929654731463
		62.155849965580515	-33.20309595479764
		62.17648356582196	-33.05021189219631
		62.19711716606341	-33.04511342723082
		62.21775076630485	-33.17687151131853
		62.2383843665463	-33.407464518128116
		62.25901796678774	-33.68964588231995
		62.279651567029184	-33.96366504027488
		62.30028516727063	-34.17443888190692
		62.320918767512076	-34.283425675496446
		62.34155236775352	-34.271112678677106
		62.36218596799497	-34.158664617996585
		62.382819568236414	-33.98393549475304
		62.40345316847785	-33.810400915718645
		62.4240867687193	-33.696721555011244
		62.444720368960745	-33.68072667105312
		62.46535396920219	-33.7787130543877
		62.48598756944364	-33.96309423166667
		62.50662116968508	-34.19351876518761
		62.52725476992653	-34.414677127500646
		62.54788837016797	-34.58094317186097
		62.568521970409414	-34.67414953656908
		62.58915557065086	-34.69318997445187
		62.609789170892306	-34.667137052621214
		62.63042277113375	-34.62825017771061
		62.6510563713752	-34.60645437909754
		62.671689971616644	-34.623258362363885
		62.69232357185808	-34.68208006162113
		62.712957172099536	-34.7832668276974
		62.733590772340975	-34.92581167701442
		62.75422437258242	-35.111529075506596
		62.77485797282387	-35.34874864309072
		62.79549157306531	-35.64091036691645
		62.81612517330676	-35.9790127731507
		62.836758773548205	-36.34228774250271
		62.85739237378965	-36.68836021788658
		62.87802597403109	-36.97208894633232
