depth	d18O	depth_BD	d18O_BD
60.535	-35.52	60.5352057929187	-31.618835069360024
60.577	-36.5	60.55534309268987	-35.3385484115883
60.619	-36.93	60.57548039246104	-38.945948259564666
60.661	-36.53	60.5956176922322	-41.574398084285065
60.703	-35.52	60.61575499200337	-42.4639729715058
60.745	-34.18	60.63589229177453	-41.74069698846984
60.786	-32.99	60.6560295915457	-39.97151973630464
60.828	-32.47	60.67616689131687	-37.745319090980715
60.87	-32.17	60.69630419108803	-35.62194226288117
60.912	-32.32	60.7164414908592	-33.85336922982086
60.95399999999999	-32.49	60.73657879063036	-32.53177631419272
60.996	-33.21	60.75671609040153	-31.65984339929436
61.037	-34.07	60.7768533901727	-31.197754510023696
61.07899999999999	-35.18	60.79699068994386	-31.10312891036265
61.121	-36.26	60.817127989715026	-31.323216606653602
61.163	-36.5	60.8372652894862	-31.733722621590896
61.205	-36.42	60.85740258925736	-32.178831037719085
61.246	-35.74	60.877539889028526	-32.51562501474036
61.288	-35.29	60.89767718879969	-32.62225934738031
61.33	-35.13	60.917814488570855	-32.4896576835102
61.372	-35.24	60.937951788342026	-32.169812362625706
61.413	-35.41	60.95808908811319	-31.788685318188165
61.455	-35.51	60.978226387884355	-31.504831282936706
61.497	-35.21	60.99836368765552	-31.474225293125784
61.539	-35.02	61.01850098742669	-31.839417822036197
61.58	-34.8	61.038638287197855	-32.655475019085344
61.622	-35.1	61.05877558696902	-33.91674473503068
61.664	-35.76	61.078912886740184	-35.45803748268876
61.705	-35.59	61.099050186511356	-37.03913100102275
61.747	-35.61	61.11918748628252	-38.37470232825044
61.789	-35.37	61.139324786053685	-39.183959456944535
61.83	-34.88	61.15946208582485	-39.34766992052003
61.872	-34.38	61.17959938559601	-38.84169446192541
61.913	-34.09	61.199736685367185	-37.82666767321016
61.955	-33.93	61.21987398513835	-36.54326441670115
61.997	-33.52	61.240011284909514	-35.256676113620486
62.038	-33.16	61.26014858468068	-34.221882609816824
62.08	-33.41	61.28028588445185	-33.56172306100018
62.122	-33.69	61.300423184223014	-33.3295613518955
62.163	-34.24	61.32056048399418	-33.474003113508026
62.205	-34.86	61.34069778376534	-33.903893452323516
62.246	-34.81	61.36083508353651	-34.54002774702714
62.288	-34.47	61.38097238330768	-35.304941274833475
62.32899999999999	-33.97	61.40110968307884	-36.102318996759784
62.371	-33.82	61.42124698285001	-36.81798597923283
62.412	-33.56	61.44138428262117	-37.272361420645765
62.45399999999999	-33.28	61.46152158239234	-37.27751955771387
62.495	-33.05	61.48165888216351	-36.747521552818284
62.537	-32.69	61.50179618193467	-35.680410579678096
62.578	-32.74	61.52193348170584	-34.348165548270806
62.62	-33.28	61.542070781477	-33.12858014923436
62.661	-34.26	61.56220808124817	-32.42156218035205
62.703	-34.56	61.58234538101934	-32.562387924212835
62.744	-34.65	61.6024826807905	-33.460232476182526
62.786	-34.15	61.622619980561666	-34.83341371981065
62.827	-33.43	61.64275728033284	-36.19142377418133
62.869	-32.82	61.662894580104	-37.03946150104571
62.91	-32.74	61.683031879875166	-37.284221895052426
62.951	-32.99	61.70316917964633	-37.013051981867406
62.993	-33.76	61.723306479417495	-36.53042550380944
63.034	-34.28	61.74344377918867	-36.16035100038562
63.076	-34.55	61.76358107895983	-35.915556861095176
63.117	-34.83	61.783718378730995	-35.691105870016095
63.158	-35.04	61.80385567850216	-35.32497065042073
63.2	-35.54	61.82399297827333	-34.692452232376176
63.24100000000001	-35.85	61.844130278044496	-33.974352240085594
63.282	-36.26	61.86426757781566	-33.44153250192813
63.324	-36.08	61.884404877586825	-33.299075889824806
63.365	-35.89	61.904542177357996	-33.66226657632849
63.407	-35.77	61.92467947712916	-34.28995596098883
63.448	-35.69	61.944816776900325	-34.836310328202444
63.489	-35.42	61.96495407667149	-35.01578778429618
63.53	-34.52	61.985091376442654	-34.62852700667689
63.572	-33.71	62.005228676213825	-33.81231861965869
63.613	-33.03	62.02536597598499	-32.81662997029952
63.654	-32.86	62.045503275756154	-31.912930116538448
63.69600000000001	-33.11	62.06564057552732	-31.34977592503052
63.737	-34.11	62.08577787529849	-31.22798377526568
63.778	-34.96	62.105915175069654	-31.59127980900718
63.819	-35.23	62.12605247484082	-32.427704780724
63.861	-35.25	62.14618977461198	-33.67602219891728
63.902	-35.03	62.16632707438315	-35.119269032109365
63.94300000000001	-34.74	62.18646437415432	-36.47681328934216
63.984	-34.71	62.20660167392548	-37.38818623265391
64.025	-34.75	62.22673897369665	-37.53468867725397
64.067	-34.69	62.24687627346781	-36.90487139977782
64.108	-34.87	62.267013573238984	-35.63728580533325
64.149	-34.94	62.28715087301015	-34.147998320858385
64.19	-35.13	62.30728817278131	-32.89365459038948
64.23100000000001	-35.42	62.32742547255248	-32.149939121410085
64.27199999999999	-36.31	62.34756277232364	-32.07610325003666
64.314	-36.98	62.36770007209481	-32.539520580304455
64.355	-37.46	62.38783737186598	-33.31825176207239
64.396	-37.75	62.40797467163714	-34.15836710717996
64.437	-38.14	62.428111971408306	-34.811918208748374
64.47800000000001	-38.13	62.44824927117948	-35.09604241107924
64.51899999999999	-37.91	62.46838657095064	-34.87145819246797
64.56	-37.43	62.48852387072181	-34.11020844500723
64.601	-36.81	62.50866117049297	-32.87287071359183
64.642	-36.17	62.528798470264135	-31.46924175906089
64.684	-36.04	62.54893577003531	-30.28025438790864
64.725	-35.71	62.56907306980647	-29.706820760554276
64.766	-35.4	62.589210369577636	-30.05657027808407
64.807	-35.09	62.6093476693488	-31.228534075465024
64.848	-34.4	62.62948496911997	-32.96000162141611
64.889	-33.64	62.649622268891136	-34.759841291087994
64.93	-33.26	62.6697595686623	-36.14969451523188
64.971	-33.29	62.689896868433465	-36.93835362170802
65.012	-33.36	62.71003416820463	-37.06827788353329
65.053	-34.18	62.7301714679758	-36.725714697093935
65.094	-35.06	62.750308767746965	-36.13164066595555
65.135	-35.42	62.77044606751813	-35.40531189151833
65.176	-35.51	62.790583367289294	-34.61809744241347
65.217	-35.57	62.810720667060465	-33.75257727002153
65.258	-35.58	62.83085796683163	-32.79486402386888
65.29899999999999	-35.65	62.850995266602794	-31.82664438915655
65.34	-36.05	62.87113256637396	-30.9725412212539
65.381	-36.1	62.89126986614512	-30.432985383798787
65.422	-36.26	62.911407165916295	-30.393281255923306
65.46300000000001	-35.95	62.93154446568746	-30.916167547829588
65.503	-35.89	62.95168176545862	-31.975510191934948
65.544	-35.71	62.97181906522979	-33.32372175900616
65.585	-35.97	62.99195636500096	-34.66100119457438
65.626	-35.75	63.012093664772124	-35.682207680019914
65.667	-35.35	63.03223096454329	-36.14757253067424
65.708	-34.84	63.05236826431445	-36.05484818442736
65.749	-34.36	63.072505564085624	-35.49652128416571
65.79	-34.25	63.09264286385679	-34.71214569807592
65.83	-34.84	63.11278016362795	-33.95955992467251
65.87100000000001	-35.68	63.13291746339912	-33.447823506450405
65.91199999999999	-36.22	63.15305476317028	-33.34500894457703
65.953	-36.34	63.17319206294145	-33.71503829922478
65.994	-35.81	63.19332936271262	-34.55449571561375
66.035	-35.34	63.21346666248378	-35.70771659006764
66.075	-34.72	63.233603962254946	-36.95029517357984
66.116	-34.37	63.25374126202612	-37.93577617522065
66.157	-34.14	63.27387856179728	-38.34730140962368
66.19800000000001	-34.16	63.29401586156845	-38.048880712463266
66.23899999999999	-33.76	63.31415316133961	-37.05344916771687
66.279	-33.34	63.334290461110776	-35.73665613047631
66.32	-32.97	63.35442776088195	-34.5422875739314
66.361	-32.43	63.37456506065311	-33.89716242182729
66.402	-32.56	63.394702360424276	-34.08441463560047
66.442	-32.6	63.41483966019544	-34.944103978971675
66.483	-33.11	63.43497695996661	-36.16467198093642
66.524	-33.78	63.455114259737776	-37.23403321563408
66.565	-34.34	63.47525155950894	-37.709254732516484
66.605	-35.54	63.495388859280105	-37.479753301557245
66.646	-36.28	63.51552615905128	-36.58872116306193
66.687	-36.65	63.53566345882244	-35.35268878857953
66.727	-36.56	63.555800758593605	-34.08360786103259
66.768	-36.3	63.57593805836477	-32.92518329891852
66.809	-36.14	63.596075358135934	-31.95160064263959
66.84899999999999	-35.82	63.616212657907106	-31.124340557139533
66.89	-35.87	63.63634995767827	-30.4472901272374
66.931	-35.79	63.656487257449434	-30.108223683370976
66.971	-35.53	63.6766245572206	-30.306007907083867
67.012	-35.08	63.69676185699177	-31.17547870306481
67.053	-34.38	63.716899156762935	-32.7123500891393
67.093	-33.57	63.7370364565341	-34.549998781019305
67.134	-33.28	63.757173756305264	-36.261332796824156
67.17399999999999	-33.14	63.77731105607643	-37.4288384405616
67.215	-33.02	63.7974483558476	-37.77437438209006
67.256	-32.9	63.817585655618764	-37.4004568075451
67.296	-33.1	63.83772295538993	-36.52486095946878
67.337	-33.52	63.85786025516109	-35.501813720117745
67.377	-34.27	63.877997554932264	-34.64504617120417
67.418	-35.6	63.89813485470343	-34.097152306279604
67.458	-36.65	63.91827215447459	-33.91288538508383
67.499	-36.6	63.93840945424576	-33.98933356253304
67.54	-36.33	63.95854675401692	-34.196425291797276
67.58	-35.91	63.97868405378809	-34.40084417760841
67.62100000000001	-35.59	63.99882135355926	-34.51709910816852
67.661	-35.31	64.01895865333043	-34.58484438508369
67.702	-35.39	64.0390959531016	-34.67105030370301
67.742	-34.98	64.05923325287276	-34.861276849828556
67.783	-34.5	64.07937055264392	-35.17403304822333
67.82300000000001	-34.18	64.09950785241509	-35.45142731620052
67.86399999999999	-33.59	64.11964515218625	-35.51848959219219
67.904	-33.7	64.13978245195742	-35.22620482853492
67.945	-33.65	64.15991975172858	-34.55762851095142
67.985	-33.94	64.18005705149974	-33.81051195648784
68.025	-34.22	64.20019435127092	-33.32876531261574
68.066	-34.57	64.22033165104209	-33.45261591910588
68.10600000000001	-35.07	64.24046895081325	-34.34062472092342
68.14699999999999	-35.6	64.26060625058442	-35.717613085891216
68.187	-35.72	64.28074355035558	-37.19931964330634
68.22800000000001	-35.6	64.30088085012675	-38.29447315933865
68.268	-35.24	64.32101814989791	-38.6743636335368
68.308	-34.86	64.34115544966907	-38.42592666496148
68.34899999999999	-34.38	64.36129274944024	-37.784669423208015
68.389	-33.86	64.38143004921142	-37.191589133416414
68.43	-33.29	64.40156734898258	-36.996917390803716
68.47	-32.66	64.42170464875375	-37.27852256487937
68.51	-32.08	64.44184194852491	-37.974899104711625
68.551	-31.73	64.46197924829607	-38.796297971820024
68.59100000000001	-31.6	64.48211654806724	-39.45442268999826
68.631	-32.15	64.5022538478384	-39.733489293672115
68.672	-33.18	64.52239114760957	-39.5065731192561
68.712	-33.57	64.54252844738073	-38.820216742909004
68.752	-33.77	64.56266574715191	-37.799371254681965
68.793	-33.52	64.58280304692308	-36.68871314847818
68.833	-33.41	64.60294034669424	-35.7252729162055
68.873	-33.25	64.6230776464654	-35.095962667464896
68.914	-33.35	64.64321494623657	-34.89441548050886
68.954	-33.79	64.66335224600773	-35.03121751331858
68.994	-34.14	64.6834895457789	-35.37824775850886
69.03399999999999	-34.06	64.70362684555006	-35.77531958135685
69.075	-33.97	64.72376414532124	-36.10170038962518
69.115	-34.1	64.7439014450924	-36.32582368486501
69.155	-34.08	64.76403874486357	-36.415658933231654
69.195	-34.17	64.78417604463473	-36.3161526926533
69.236	-34.14	64.8043133444059	-35.98562153323797
69.27600000000001	-33.74	64.82445064417706	-35.41521582654632
69.316	-33.01	64.84458794394823	-34.661544675611665
69.35600000000001	-32.81	64.86472524371939	-33.902518394453175
69.39699999999999	-32.63	64.88486254349056	-33.276412049378514
		64.90499984326172	-32.815794524270736
		64.9251371430329	-32.48405114245257
		64.94527444280406	-32.13567682905167
		64.96541174257523	-31.725636281054935
		64.98554904234639	-31.424099611845232
		65.00568634211756	-31.44563200021636
		65.02582364188872	-32.04103474761813
		65.04596094165989	-33.26817039436858
		65.06609824143105	-34.81860258064392
		65.08623554120223	-36.310459860021744
		65.10637284097339	-37.30229199318422
		65.12651014074456	-37.54848182027842
		65.14664744051572	-37.170663584254804
		65.16678474028689	-36.39417452418825
		65.18692204005805	-35.55954722583293
		65.20705933982921	-34.914789288267855
		65.22719663960038	-34.522762037514354
		65.24733393937154	-34.393898062070356
		65.26747123914271	-34.480334722065685
		65.28760853891389	-34.74919444431095
		65.30774583868505	-35.2031488540481
		65.32788313845622	-35.816004142507715
		65.34802043822738	-36.50591672372346
		65.36815773799854	-37.15062286321241
		65.38829503776971	-37.5695640167411
		65.40843233754087	-37.62198085235376
		65.42856963731204	-37.24405251819934
		65.44870693708322	-36.48234678687505
		65.46884423685438	-35.55312606781966
		65.48898153662554	-34.70819816061806
		65.50911883639671	-34.229586518697666
		65.52925613616787	-34.27717918020689
		65.54939343593904	-34.809226550698654
		65.5695307357102	-35.6743208998132
		65.58966803548137	-36.57707550098379
		65.60980533525253	-37.269147615370144
		65.62994263502371	-37.59674672052676
		65.65007993479487	-37.47711659190213
		65.67021723456604	-36.924941923309405
		65.6903545343372	-35.984495284613374
		65.71049183410837	-34.73394870132818
		65.73062913387953	-33.33466711005414
		65.7507664336507	-32.06933931095732
		65.77090373342186	-31.23875237964564
		65.79104103319303	-31.152169077462222
		65.8111783329642	-31.934858838453614
		65.83131563273537	-33.43749303726862
		65.85145293250653	-35.35079091116094
		65.8715902322777	-37.16711763564359
		65.89172753204886	-38.47844336362886
		65.91186483182003	-39.046292618165
		65.93200213159119	-38.83723389462063
		65.95213943136235	-38.09054640576846
		65.97227673113352	-37.0763473213228
		65.9924140309047	-36.07632139617506
		66.01255133067586	-35.254564180656985
		66.03268863044703	-34.61065147397431
		66.05282593021819	-34.116046469061644
		66.07296322998936	-33.72166210271975
		66.09310052976052	-33.43714577950687
		66.11323782953168	-33.35246899735893
		66.13337512930285	-33.51636889442991
		66.15351242907401	-33.91295265949238
		66.17364972884519	-34.44515045062467
		66.19378702861636	-34.915729270991314
		66.21392432838752	-35.163940981974875
		66.23406162815868	-35.08759395114644
		66.25419892792985	-34.665013608979606
		66.27433622770101	-33.974050947819705
		66.29447352747218	-33.12783384356119
		66.31461082724334	-32.27605676296622
		66.3347481270145	-31.57006897673682
		66.35488542678569	-31.158487633348113
		66.37502272655685	-31.125242647303292
		66.39516002632801	-31.471053748200486
		66.41529732609918	-32.08994180832467
		66.43543462587034	-32.75165586896669
		66.45557192564151	-33.23465152026536
		66.47570922541267	-33.34290745931378
		66.49584652518384	-33.06781872502453
		66.51598382495501	-32.62629706941129
		66.53612112472618	-32.32646463395278
		66.55625842449734	-32.5610912642801
		66.57639572426851	-33.48799090019226
		66.59653302403967	-34.97782320290396
		66.61667032381084	-36.69985126300979
		66.636807623582	-38.11577774391347
		66.65694492335317	-38.87497231945405
		66.67708222312433	-38.86270934371299
		66.6972195228955	-38.20734792259874
		66.71735682266667	-37.29443005642091
		66.73749412243784	-36.43698576919532
		66.757631422209	-35.84575955496064
		66.77776872198017	-35.56370747873203
		66.79790602175133	-35.45566352738622
		66.8180433215225	-35.40865170857521
		66.83818062129366	-35.34709172020443
		66.85831792106482	-35.2812586120077
		66.878455220836	-35.31066388683694
		66.89859252060717	-35.506577723098964
		66.91872982037833	-35.90163502385468
		66.9388671201495	-36.42964369641407
		66.95900441992066	-36.921247848705825
		66.97914171969182	-37.17469354653002
		66.99927901946299	-36.96566470943454
		67.01941631923415	-36.21408220795352
		67.03955361900532	-34.996019936623505
		67.05969091877648	-33.55562592504365
		67.07982821854766	-32.295720696384976
		67.09996551831883	-31.51573066084134
		67.12010281808999	-31.394189484141766
		67.14024011786115	-31.87803915636175
		67.16037741763232	-32.689948936759514
		67.18051471740348	-33.54638862051401
		67.20065201717465	-34.17250626995923
		67.22078931694581	-34.40993161858288
		67.24092661671699	-34.21508662633005
		67.26106391648815	-33.5989413799821
		67.28120121625932	-32.62655089615832
		67.30133851603048	-31.49735902166178
		67.32147581580165	-30.53884032917844
		67.34161311557281	-30.144658888245488
		67.36175041534398	-30.74796495384775
		67.38188771511514	-32.43164489662387
		67.4020250148863	-34.93793465745152
		67.42216231465748	-37.68632882253708
		67.44229961442865	-39.83066573576959
		67.46243691419981	-40.84308551701968
		67.48257421397098	-40.51508914178889
		67.50271151374214	-39.09367132252745
		67.5228488135133	-37.21608739612531
		67.54298611328447	-35.43547988763244
		67.56312341305564	-34.20290828953565
		67.5832607128268	-33.67604457749191
		67.60339801259798	-33.75676339368196
		67.62353531236914	-34.27378144794304
		67.6436726121403	-35.0018368381546
		67.66380991191147	-35.74149557503025
		67.68394721168264	-36.319611293277156
		67.7040845114538	-36.61269803404297
		67.72422181122496	-36.54346496861386
		67.74435911099613	-36.123282142360836
		67.7644964107673	-35.43772079453987
		67.78463371053846	-34.6053492437592
		67.80477101030964	-33.76902676620606
		67.8249083100808	-33.05768514116852
		67.84504560985197	-32.58553048359132
		67.86518290962313	-32.420955490853416
		67.8853202093943	-32.590031179871296
		67.90545750916546	-33.02437284507092
		67.92559480893662	-33.580160271957034
		67.94573210870779	-34.08525654335914
		67.96586940847897	-34.35480282144227
		67.98600670825013	-34.31999829412018
		68.0061440080213	-34.01084770780707
		68.02628130779246	-33.5921809397175
		68.04641860756362	-33.32497818483136
		68.06655590733479	-33.40517380453608
		68.08669320710595	-33.96239731270266
		68.10683050687712	-34.905061109689136
		68.12696780664828	-35.97621275467385
		68.14710510641945	-36.88764201233283
		68.16724240619062	-37.34701551557011
		68.18737970596179	-37.28032956861129
		68.20751700573295	-36.78050803220256
		68.22765430550412	-36.055470279897975
		68.24779160527528	-35.38294812287701
		68.26792890504645	-34.90980163925593
		68.28806620481761	-34.679870047357795
		68.30820350458877	-34.6159097510153
		68.32834080435995	-34.5626542747764
		68.34847810413112	-34.430378204193495
		68.36861540390228	-34.18346140583537
		68.38875270367345	-33.88325709554844
		68.40889000344461	-33.650947733629614
		68.42902730321578	-33.53821644465687
		68.44916460298694	-33.53754841578165
		68.4693019027581	-33.5010888296093
		68.48943920252927	-33.1963001209279
		68.50957650230045	-32.487059024362566
		68.52971380207161	-31.327543693602728
		68.54985110184278	-29.975453772013708
		68.56998840161394	-28.881899832835323
		68.5901257013851	-28.46452636403892
		68.61026300115627	-29.076576152952917
		68.63040030092743	-30.60766290218632
		68.6505376006986	-32.641199750893996
		68.67067490046978	-34.6185554768594
		68.69081220024094	-35.932089920834294
		68.7109495000121	-36.380756752439844
		68.73108679978327	-36.03644731704623
		68.75122409955443	-35.19534882871974
		68.7713613993256	-34.268391263766496
		68.79149869909676	-33.454000847785515
		68.81163599886793	-32.8124830110964
		68.83177329863909	-32.312550566079906
		68.85191059841026	-31.884744217808088
		68.87204789818144	-31.617844463268565
		68.8921851979526	-31.68675095754922
		68.91232249772376	-32.190660265122155
		68.93245979749493	-33.15794481645217
		68.95259709726609	-34.356243617115545
		68.97273439703726	-35.41175878507343
		68.99287169680842	-36.02940387270932
		69.01300899657959	-35.98909782755359
		69.03314629635076	-35.35471703865406
		69.05328359612193	-34.353896640903194
		69.0734208958931	-33.26127489136588
		69.09355819566426	-32.369386887434715
		69.11369549543542	-31.90373136207282
		69.13383279520659	-32.040229792504974
		69.15397009497775	-32.83668676310953
		69.17410739474892	-34.25208321496002
		69.19424469452008	-35.92470768503365
		69.21438199429124	-37.31541946911169
		69.23451929406242	-37.82455128139015
		69.25465659383359	-36.909306247793666
		69.27479389360475	-34.802321177664645
		69.29493119337592	-32.14008051573275
		69.31506849314708	-29.56254102937384
