depth	d18O	depth_BD	d18O_BD
70.92	-33.67	70.91478592713	-34.60589665995231
70.96	-33.21	70.93389617858067	-33.87800128214774
71.0	-33.32	70.95300643003135	-33.13405528768953
71.04	-33.19	70.97211668148202	-32.55768142874656
71.079	-33.24	70.9912269329327	-32.32963410131361
71.119	-33.37	71.01033718438339	-32.49012606872235
71.15899999999998	-32.97	71.02944743583406	-32.87799957145259
71.199	-33.1	71.04855768728474	-33.31818807713282
71.23899999999998	-32.88	71.06766793873541	-33.63964362386694
71.279	-33.36	71.0867781901861	-33.751128466453174
71.319	-33.95	71.10588844163676	-33.67389311301092
71.359	-34.86	71.12499869308745	-33.468371352553845
71.399	-35.68	71.14410894453813	-33.23694342928949
71.439	-35.48	71.1632191959888	-33.04666997870455
71.47800000000002	-34.57	71.18232944743949	-32.911125450753936
71.518	-33.53	71.20143969889016	-32.81621817074498
71.558	-33.06	71.22054995034084	-32.716270616952684
71.598	-32.82	71.23966020179152	-32.598968947066325
71.638	-33.63	71.25877045324219	-32.50092798799177
71.678	-34.3	71.27788070469288	-32.49622580040462
71.717	-34.35	71.29699095614355	-32.70322847812441
71.757	-34.34	71.31610120759423	-33.1964178175004
71.797	-33.65	71.33521145904491	-33.98588667115057
71.837	-32.89	71.35432171049558	-34.98860107545082
71.877	-32.91	71.37343196194627	-36.005233667714755
71.917	-33.29	71.39254221339694	-36.82452885775071
71.956	-34.45	71.41165246484762	-37.23265433023026
71.99600000000002	-35.0	71.4307627162983	-37.11771025310787
72.036	-34.84	71.44987296774897	-36.5011114972974
72.07600000000002	-34.73	71.46898321919966	-35.49682771509607
72.115	-34.22	71.48809347065033	-34.324881063617205
72.155	-33.65	71.50720372210101	-33.19602906074318
72.195	-33.21	71.52631397355168	-32.29886689803308
72.235	-33.29	71.54542422500236	-31.753118209434774
72.274	-33.19	71.56453447645305	-31.59300928995559
72.314	-33.22	71.58364472790372	-31.79554801784139
72.354	-33.0	71.6027549793544	-32.273448693677565
72.39399999999998	-32.69	71.62186523080507	-32.92340528844703
72.433	-32.92	71.64097548225575	-33.62806998964284
72.473	-32.84	71.66008573370644	-34.29169732994312
72.513	-33.57	71.67919598515711	-34.84616841601842
72.55199999999998	-35.65	71.69830623660779	-35.24149164106468
72.592	-36.17	71.71741648805846	-35.44725121206758
72.632	-35.96	71.73652673950915	-35.430073501900026
72.671	-34.6	71.75563699095983	-35.15273501406041
72.711	-33.76	71.7747472424105	-34.60906281769601
72.751	-33.0	71.79385749386118	-33.83185282037849
72.79	-32.65	71.81296774531185	-32.92675535579773
72.83	-32.9	71.83207799676254	-32.08133413050229
72.87	-33.04	71.85118824821322	-31.486917810257317
72.90899999999998	-32.74	71.87029849966389	-31.3298711487949
72.949	-31.81	71.88940875111457	-31.67864080930876
72.98899999999998	-30.78	71.90851900256524	-32.46469125867761
73.028	-29.9	71.92762925401593	-33.519277071713134
73.068	-29.67	71.9467395054666	-34.57140087889461
73.107	-29.87	71.96584975691728	-35.406026885420914
73.14699999999998	-30.71	71.98496000836796	-35.88074057386496
73.187	-31.46	72.00407025981863	-35.97295321145969
73.226	-32.3	72.02318051126932	-35.78824753000992
73.266	-32.83	72.04229076271999	-35.44422299048879
73.305	-32.93	72.06140101417067	-35.06202568647057
73.345	-33.07	72.08051126562135	-34.699985343222124
73.384	-32.91	72.09962151707202	-34.34843543374901
73.42399999999998	-32.52	72.11873176852271	-33.996785533217995
73.464	-32.44	72.13784201997338	-33.638461935918066
73.503	-32.95	72.15695227142406	-33.30250480589909
73.543	-33.96	72.17606252287474	-33.05429924692357
73.582	-34.76	72.19517277432541	-32.9316726432347
73.622	-35.32	72.2142830257761	-32.940020121387505
73.661	-35.13	72.23339327722677	-33.041468348646674
73.70100000000002	-34.84	72.25250352867745	-33.15619114997851
73.74	-34.2	72.27161378012812	-33.23563181792639
73.78	-33.89	72.2907240315788	-33.26681459474206
73.819	-33.96	72.30983428302949	-33.272501557621105
73.859	-34.01	72.32894453448016	-33.307662477071936
73.898	-33.09	72.34805478593084	-33.37057273852897
73.938	-32.69	72.36716503738151	-33.399586938441864
73.977	-32.21	72.3862752888322	-33.29941488149052
74.017	-32.37	72.40538554028288	-32.949772916429986
74.056	-32.9	72.42449579173355	-32.361963671064714
74.096	-33.73	72.44360604318423	-31.683050205996214
74.135	-33.98	72.4627162946349	-31.17110473007932
74.17399999999998	-33.64	72.48182654608559	-31.17890174970197
74.214	-32.35	72.50093679753627	-31.886839765219353
74.253	-31.16	72.52004704898694	-33.292964196956305
74.293	-30.63	72.53915730043762	-35.13842307991224
74.332	-30.52	72.55826755188829	-36.92886848970799
74.372	-31.3	72.57737780333898	-38.23218665682079
74.411	-32.77	72.59648805478966	-38.69845946439823
74.45	-33.95	72.61559830624033	-38.27260050974467
74.49	-34.01	72.63470855769101	-37.17768888680689
74.529	-33.6	72.65381880914168	-35.73680855328986
74.569	-33.04	72.67292906059237	-34.34788048114883
74.608	-32.33	72.69203931204304	-33.25080911152977
74.64699999999998	-32.05	72.71114956349372	-32.53208773954
74.687	-32.07	72.7302598149444	-32.1667646141045
74.726	-32.44	72.74937006639507	-32.03596513385905
74.765	-32.73	72.76848031784576	-32.06311772171167
74.805	-33.03	72.78759056929643	-32.213989705128476
74.844	-33.36	72.80670082074711	-32.4768897973216
74.883	-33.5	72.8258110721978	-32.855667171719425
74.923	-33.92	72.84492132364846	-33.29496803358504
74.962	-34.47	72.86403157509915	-33.686099161941506
75.001	-35.81	72.88314182654982	-33.908544758523334
75.041	-37.05	72.9022520780005	-33.83762316761777
75.08	-37.79	72.92136232945118	-33.43039724495028
75.119	-38.23	72.94047258090185	-32.718517879186294
75.15899999999998	-38.2	72.95958283235254	-31.800961555146504
75.19800000000002	-38.16	72.97869308380321	-30.83113577892971
75.237	-38.28	72.99780333525389	-29.943853601427982
75.27600000000002	-37.86	73.01691358670456	-29.253440644009828
75.316	-36.69	73.03602383815524	-28.818701175770503
75.355	-35.66	73.05513408960593	-28.650734026570902
75.39399999999998	-34.71	73.0742443410566	-28.73215285595193
75.433	-33.87	73.09335459250728	-29.022894383441876
75.473	-33.48	73.11246484395795	-29.47862447361583
75.512	-33.32	73.13157509540864	-30.051581413955986
75.551	-34.02	73.15068534685932	-30.686145394330797
75.59	-34.75	73.16979559830999	-31.320484018609854
75.63	-34.55	73.18890584976067	-31.894311916801108
75.669	-33.54	73.20801610121134	-32.351107279655075
75.708	-32.14	73.22712635266203	-32.671782795628545
75.747	-31.45	73.24623660411271	-32.86912484211801
75.786	-30.59	73.26534685556338	-32.98885729637132
75.82600000000002	-30.23	73.28445710701406	-33.09960336670714
75.865	-30.44	73.30356735846473	-33.233413535235165
75.904	-31.59	73.32267760991542	-33.389553885427496
75.943	-33.34	73.3417878613661	-33.5110752472843
75.982	-34.03	73.36089811281677	-33.50083662920465
76.02199999999998	-34.55	73.38000836426745	-33.30025814546663
76.061	-34.6	73.39911861571812	-32.88786988155087
76.1	-34.64	73.4182288671688	-32.341508154458715
76.139	-34.51	73.43733911861948	-31.81387894795386
76.178	-34.39	73.45644937007016	-31.462668237410313
76.217	-34.82	73.47555962152084	-31.440287383715305
76.256	-35.23	73.49466987297151	-31.791181109229093
76.296	-35.36	73.5137801244222	-32.47438983158582
76.335	-35.43	73.53289037587287	-33.37426088157424
76.374	-34.95	73.55200062732355	-34.32385020891293
76.413	-34.29	73.57111087877423	-35.18525021915717
76.452	-34.04	73.5902211302249	-35.84634568593078
76.491	-33.71	73.60933138167559	-36.246661994189125
76.53	-33.65	73.62844163312626	-36.364311722048136
76.569	-33.56	73.64755188457694	-36.201787096687234
76.608	-33.31	73.66666213602763	-35.781638021318905
76.648	-33.09	73.6857723874783	-35.169705048800516
76.687	-32.72	73.70488263892898	-34.465131684600955
76.726	-32.46	73.72399289037965	-33.80686840081192
76.765	-32.7	73.74310314183033	-33.3558723070606
76.804	-33.3	73.762213393281	-33.20530707153173
76.843	-34.0	73.78132364473169	-33.39089308103773
76.882	-34.98	73.80043389618237	-33.81881176197591
76.921	-35.32	73.81954414763304	-34.307078294359705
76.96	-35.33	73.83865439908372	-34.66958444408297
76.999	-34.95	73.85776465053439	-34.72926205954527
77.038	-33.99	73.87687490198508	-34.43976878868726
77.077	-33.22	73.89598515343576	-33.8486108531084
77.116	-32.88	73.91509540488643	-33.07998415220247
77.155	-32.79	73.93420565633711	-32.30450175424546
77.194	-33.0	73.95331590778778	-31.653398214568345
77.233	-33.78	73.97242615923847	-31.22736346475443
77.27199999999998	-34.46	73.99153641068915	-31.078444205379174
77.311	-34.33	74.01064666213982	-31.225034262845572
77.35	-34.0	74.0297569135905	-31.657864682252203
77.389	-33.67	74.04886716504117	-32.34529835241154
77.428	-33.19	74.06797741649186	-33.19925807969416
77.467	-33.28	74.08708766794254	-34.09284013531078
77.506	-33.4	74.10619791939321	-34.86385477663977
77.545	-33.58	74.1253081708439	-35.33501818671621
77.584	-33.56	74.14441842229456	-35.40392150661205
77.623	-33.4	74.16352867374525	-35.02546830479746
77.66199999999998	-33.24	74.18263892519592	-34.26931280472529
77.70100000000002	-33.11	74.2017491766466	-33.27609179641484
77.74	-33.76	74.22085942809728	-32.19406378400041
77.778	-34.44	74.23996967954795	-31.169453153833345
77.817	-34.76	74.25907993099864	-30.28401815958618
77.85600000000002	-34.76	74.27819018244931	-29.581008387001592
77.895	-34.3	74.29730043389999	-29.108292657277275
77.934	-33.94	74.31641068535068	-28.918784390815702
77.973	-33.63	74.33552093680134	-29.085738501960055
78.012	-33.98	74.35463118825203	-29.684212251618167
78.051	-34.55	74.3737414397027	-30.68491327474818
78.09	-35.16	74.39285169115338	-31.985926256597228
78.12899999999998	-35.61	74.41196194260407	-33.369505058294195
78.167	-35.65	74.43107219405474	-34.559005774659454
78.206	-35.68	74.45018244550542	-35.354732432657464
78.245	-34.87	74.46929269695609	-35.61925109841699
78.28399999999998	-33.66	74.48840294840677	-35.38906856880773
78.32300000000002	-33.31	74.50751319985744	-34.80287715676242
78.362	-32.43	74.52662345130813	-34.036650887973245
78.4	-32.79	74.54573370275881	-33.2778408771594
78.439	-32.72	74.56484395420948	-32.62957280986285
78.47800000000002	-32.22	74.58395420566016	-32.14294322052308
78.517	-31.91	74.60306445711083	-31.821136503323014
78.556	-31.54	74.62217470856152	-31.64164140394273
78.595	-31.61	74.6412849600122	-31.58528419846623
78.633	-32.49	74.66039521146287	-31.63426995725632
78.672	-33.53	74.67950546291355	-31.76543441973047
78.711	-34.75	74.69861571436422	-31.952900369652127
78.75	-35.04	74.7177259658149	-32.17249042813268
78.789	-34.56	74.73683621726559	-32.40300444356998
78.827	-33.37	74.75594646871626	-32.641682179102695
78.866	-32.12	74.77505672016694	-32.893940230829884
78.905	-31.2	74.79416697161761	-33.15160904009545
78.944	-30.7	74.8132772230683	-33.3959921478847
78.982	-31.51	74.83238747451898	-33.57871670710234
79.021	-32.91	74.85149772596965	-33.64083141179671
79.06	-33.93	74.87060797742033	-33.56391978241319
79.09899999999998	-34.07	74.889718228871	-33.360736940958304
79.137	-33.81	74.90882848032169	-33.13269421528988
79.176	-33.7	74.92793873177236	-33.025106364713196
79.215	-33.53	74.94704898322304	-33.17661623615096
79.25399999999998	-33.52	74.96615923467373	-33.70602828588098
79.292	-33.88	74.9852694861244	-34.59661650826335
79.331	-34.04	75.00437973757508	-35.75209337643551
79.37	-34.14	75.02348998902575	-36.973292798729965
79.408	-34.26	75.04260024047643	-38.01957261628328
79.447	-34.13	75.06171049192712	-38.720067997604104
79.486	-33.8	75.08082074337779	-38.95948475066397
79.524	-33.1	75.09993099482847	-38.79531947525516
79.563	-32.38	75.11904124627914	-38.37660211723881
79.602	-32.04	75.13815149772982	-37.92246951184789
79.641	-32.04	75.1572617491805	-37.66765952476949
79.679	-32.64	75.17637200063118	-37.71157170772608
79.718	-33.18	75.19548225208186	-38.067349917243725
79.757	-32.88	75.21459250353253	-38.573339237553526
79.795	-32.47	75.23370275498321	-38.992094718242846
79.834	-31.7	75.25281300643388	-39.124979619787005
79.872	-31.13	75.27192325788457	-38.818712839823085
79.911	-30.61	75.29103350933525	-38.125226571554975
79.95	-30.49	75.31014376078592	-37.19751739852666
79.988	-30.75	75.3292540122366	-36.24758676176219
80.027	-31.7	75.34836426368727	-35.49048220318727
80.066	-33.32	75.36747451513796	-34.97112592555207
80.104	-34.31	75.38658476658864	-34.644148496360614
80.143	-34.67	75.40569501803931	-34.35814080537919
80.181	-34.48	75.42480526949	-33.93628507537846
80.22	-33.92	75.44391552094066	-33.35200928729959
80.259	-32.67	75.46302577239135	-32.66712029881338
80.297	-31.98	75.48213602384203	-32.10555828032797
80.336	-31.74	75.5012462752927	-31.941021300370878
80.374	-31.97	75.52035652674338	-32.308928214403394
80.413	-32.98	75.53946677819405	-33.24429818838042
80.45100000000002	-33.64	75.55857702964474	-34.496675685370846
80.49	-33.98	75.57768728109542	-35.69668415541244
80.529	-33.72	75.59679753254609	-36.48239477821122
80.567	-33.33	75.61590778399678	-36.54403955655822
80.60600000000002	-32.97	75.63501803544744	-35.90028438189911
80.64399999999998	-32.68	75.65412828689813	-34.73081895585925
80.683	-32.78	75.6732385383488	-33.386787504574386
80.721	-32.84	75.69234878979948	-32.25465297945167
80.76	-33.03	75.71145904125017	-31.495851808826792
80.798	-32.63	75.73056929270084	-31.14505134993654
80.837	-31.91	75.74967954415152	-31.003272390907046
		75.76878979560219	-30.799883702520265
		75.78790004705287	-30.40065721108585
		75.80701029850356	-29.765687760961157
		75.82612054995423	-29.111136152590717
		75.84523080140491	-28.740727255294036
		75.86434105285558	-28.88224171840122
		75.88345130430626	-29.684642636622705
		75.90256155575695	-30.991512208943547
		75.92167180720762	-32.52053254357132
		75.9407820586583	-33.93117630062287
		75.95989231010897	-34.90260717464295
		75.97900256155965	-35.36439377089637
		75.99811281301032	-35.36482725557031
		76.017223064461	-35.103315713181864
		76.03633331591169	-34.814395802299195
		76.05544356736236	-34.611855679849846
		76.07455381881304	-34.54494546965369
		76.09366407026371	-34.54375102424773
		76.1127743217144	-34.506890776042475
		76.13188457316508	-34.3988796538904
		76.15099482461575	-34.22270784095519
		76.17010507606643	-34.06635345294355
		76.1892153275171	-34.0386347554806
		76.20832557896779	-34.19725083214247
		76.22743583041847	-34.564562612137586
		76.24654608186914	-35.06582416408047
		76.26565633331982	-35.590650620808006
		76.2847665847705	-36.01673512632345
		76.30387683622118	-36.23098995977624
		76.32298708767186	-36.19222169164916
		76.34209733912253	-35.897575717345006
		76.36120759057322	-35.419736091219875
		76.38031784202389	-34.857767314361645
		76.39942809347457	-34.31716944735848
		76.41853834492525	-33.89380729874608
		76.43764859637592	-33.62210229533193
		76.4567588478266	-33.50710556893958
		76.47586909927728	-33.50552121466174
		76.49497935072796	-33.56108756934392
		76.51408960217863	-33.63083521223418
		76.53319985362931	-33.681382797245476
		76.55231010508	-33.70637375202618
		76.57142035653067	-33.70631819048092
		76.59053060798135	-33.6735372825461
		76.60964085943202	-33.59562404042467
		76.6287511108827	-33.449428665867806
		76.64786136233337	-33.21485018512464
		76.66697161378406	-32.902763914047924
		76.68608186523474	-32.54129542437659
		76.70519211668541	-32.196275910089675
		76.7243023681361	-31.942030364459157
		76.74341261958676	-31.839327389789503
		76.76252287103745	-31.934693608770775
		76.78163312248813	-32.226594041968475
		76.8007433739388	-32.69330859184827
		76.81985362538948	-33.28493550132772
		76.83896387684015	-33.9434338848457
		76.85807412829084	-34.61099308326461
		76.87718437974152	-35.23065137179524
		76.89629463119219	-35.74900425450418
		76.91540488264287	-36.115233210724114
		76.93451513409354	-36.28559993153755
		76.95362538554423	-36.22680677309745
		76.97273563699491	-35.94309912506188
		76.99184588844558	-35.46019999110873
		77.01095613989627	-34.85238093564923
		77.03006639134694	-34.204603906436475
		77.04917664279762	-33.590424831800085
		77.0682868942483	-33.06784527792972
		77.08739714569897	-32.64141511254384
		77.10650739714966	-32.30403515013307
		77.12561764860033	-32.0599696787938
		77.14472790005101	-31.927536168214086
		77.16383815150168	-31.97133096900822
		77.18294840295236	-32.253890693665646
		77.20205865440305	-32.778995882735245
		77.22116890585372	-33.50825887140553
		77.2402791573044	-34.29290791389392
		77.25938940875507	-34.962570899506126
		77.27849966020575	-35.37380499331621
		77.29760991165644	-35.42449486144676
		77.3167201631071	-35.15063165813539
		77.33583041455779	-34.63730768480894
		77.35494066600846	-34.02721383908728
		77.37405091745914	-33.46214256449117
		77.39316116890983	-33.0247022699389
		77.4122714203605	-32.76712437477594
		77.43138167181118	-32.68013344716761
		77.45049192326185	-32.737260394620364
		77.46960217471253	-32.90310866714185
		77.4887124261632	-33.14161526504933
		77.50782267761389	-33.42224994484794
		77.52693292906457	-33.71171469385017
		77.54604318051524	-33.96150503386294
		77.56515343196592	-34.11821137932406
		77.5842636834166	-34.12341520865565
		77.60337393486728	-33.93417291768328
		77.62248418631796	-33.568202672754204
		77.64159443776863	-33.079511876234065
		77.66070468921932	-32.603100612225134
		77.67981494066998	-32.284622350294754
		77.69892519212067	-32.24265413300926
		77.71803544357135	-32.552317373912494
		77.73714569502202	-33.15685752797299
		77.7562559464727	-33.95032808922968
		77.77536619792338	-34.75655857029984
		77.79447644937406	-35.40319024327982
		77.81358670082474	-35.78361318828372
		77.83269695227541	-35.83358041953805
		77.8518072037261	-35.58491879662391
		77.87091745517677	-35.101798773452956
		77.89002770662745	-34.48850225278002
		77.90913795807813	-33.85689514126255
		77.9282482095288	-33.316030048136064
		77.94735846097949	-32.9618328890371
		77.96646871243016	-32.84896891891419
		77.98557896388084	-33.000290689527525
		78.00468921533151	-33.362742761255845
		78.0237994667822	-33.858613625354586
		78.04290971823288	-34.38044899323561
		78.06201996968355	-34.83553891032644
		78.08113022113423	-35.197004739539615
		78.1002404725849	-35.4683007716216
		78.11935072403558	-35.70718761975108
		78.13846097548627	-35.96304058276936
		78.15757122693694	-36.226113179395625
		78.17668147838762	-36.452186302793486
		78.19579172983829	-36.5263211049151
		78.21490198128897	-36.34014838561456
		78.23401223273964	-35.84638819602386
		78.25312248419033	-35.051508213592264
		78.27223273564101	-34.088696740635704
		78.29134298709168	-33.121801886909104
		78.31045323854237	-32.33534468776852
		78.32956348999303	-31.87863192987688
		78.34867374144372	-31.78632487951798
		78.3677839928944	-32.031869727660414
		78.38689424434507	-32.47175708400466
		78.40600449579576	-32.94344985768293
		78.42511474724643	-33.29040411924072
		78.44422499869711	-33.391896928365895
		78.4633352501478	-33.22589037901299
		78.48244550159846	-32.81178455924987
		78.50155575304915	-32.236492349844006
		78.52066600449982	-31.600274469410962
		78.5397762559505	-31.007805433794022
		78.55888650740118	-30.56069831286398
		78.57799675885185	-30.35005532805914
		78.59710701030254	-30.451297904789655
		78.6162172617532	-30.902073064953218
		78.63532751320389	-31.699964132115202
		78.65443776465456	-32.75199318181632
		78.67354801610524	-33.92705390451077
		78.69265826755593	-35.03277517265751
		78.7117685190066	-35.89069626956925
		78.73087877045728	-36.385366955857094
		78.74998902190795	-36.456265359144474
		78.76909927335863	-36.158999650978735
		78.78820952480932	-35.57371806499282
		78.80731977625999	-34.79576936164248
		78.82643002771067	-33.900049791331206
		78.84554027916134	-32.9034330553025
		78.86465053061202	-31.829284664469064
		78.88376078206271	-30.740183093961814
		78.90287103351338	-29.745302239120136
		78.92198128496406	-29.054456709449862
		78.94109153641473	-28.861916401347266
		78.96020178786542	-29.28569327179628
		78.97931203931608	-30.334671051532467
		78.99842229076677	-31.780308742431938
		79.01753254221745	-33.33135336496911
		79.03664279366812	-34.63111373217028
		79.0557530451188	-35.40349960697863
		79.07486329656948	-35.58732256398438
		79.09397354802016	-35.23300801397479
		79.11308379947084	-34.579981441352096
		79.13219405092151	-33.87189146845648
		79.1513043023722	-33.29880645816757
		79.17041455382287	-32.98318961279998
		79.18952480527355	-32.909303211055374
		79.20863505672423	-33.02636854135636
		79.2277453081749	-33.24797179529106
		79.24685555962559	-33.496645417467526
		79.26596581107626	-33.726233154004625
		79.28507606252694	-33.90482667954486
		79.30418631397762	-34.02277487263868
		79.3232965654283	-34.08237111046325
		79.34240681687898	-34.10563676157211
		79.36151706832965	-34.12115500299257
		79.38062731978033	-34.165999455641874
		79.39973757123101	-34.26326437921752
		79.41884782268168	-34.40335386587272
		79.43795807413237	-34.552427056196
		79.45706832558304	-34.633994695483985
		79.47617857703372	-34.57085826471681
		79.49528882848439	-34.296110989903205
		79.51439907993507	-33.77923569501841
		79.53350933138576	-33.06325551223316
		79.55261958283643	-32.236471114529095
		79.57172983428711	-31.461676388016812
		79.59084008573778	-30.901948514233794
		79.60995033718847	-30.701632538628466
		79.62906058863915	-30.937300029986396
		79.64817084008982	-31.552593035573725
		79.6672810915405	-32.4193425526537
		79.68639134299117	-33.297932333780665
		79.70550159444186	-33.96608849657965
		79.72461184589253	-34.26285723088998
		79.74372209734321	-34.11882425058315
		79.76283234879389	-33.6301171369034
		79.78194260024456	-32.94081552949169
		79.80105285169525	-32.25025006038151
		79.82016310314592	-31.707365892966358
		79.8392733545966	-31.351781125959263
		79.85838360604728	-31.157060388550036
		79.87749385749795	-30.995093705714734
		79.89660410894864	-30.756331766639637
		79.9157143603993	-30.38812769692018
		79.93482461184999	-29.91603700887066
		79.95393486330067	-29.499355674100162
		79.97304511475134	-29.310967401900832
		79.99215536620203	-29.521046008123474
		80.0112656176527	-30.208465583049485
		80.03037586910338	-31.285800540379494
		80.04948612055406	-32.592660362476316
		80.06859637200473	-33.86955120219566
		80.08770662345542	-34.90199750117564
		80.10681687490609	-35.57507079282519
		80.12592712635677	-35.85382918886937
		80.14503737780745	-35.82622860356148
		80.16414762925812	-35.58332809944602
		80.18325788070881	-35.19934999984626
		80.20236813215948	-34.714021319054474
		80.22147838361016	-34.110619977845815
		80.24058863506083	-33.38560337345311
		80.25969888651152	-32.568027551048885
		80.2788091379622	-31.727530358699923
		80.29791938941287	-30.996905309179795
		80.31702964086355	-30.505306643949307
		80.33613989231422	-30.364782236699735
		80.3552501437649	-30.628039203660748
		80.37436039521558	-31.251437364249384
		80.39347064666626	-32.13492099747389
		80.41258089811694	-33.10092902381822
		80.43169114956761	-33.9785907857603
		80.4508014010183	-34.62041074264951
		80.46991165246897	-34.93714653087305
		80.48902190391965	-34.93028385047584
		80.50813215537033	-34.644441376903934
		80.527242406821	-34.17975587102432
		80.54635265827169	-33.63641018007193
		80.56546290972236	-33.1066421018117
		80.58457316117304	-32.66700292628997
		80.60368341262372	-32.37035769308147
		80.6227936640744	-32.24805781404187
		80.64190391552508	-32.300917598397355
		80.66101416697575	-32.49745660800327
		80.68012441842643	-32.76078668248576
		80.69923466987711	-33.005287319973846
		80.71834492132778	-33.13892008419152
		80.73745517277847	-33.12380439057674
		80.75656542422914	-33.00383970862022
		80.77567567567982	-32.82960807614304
