diffLens	deltas
-0.05781046018445095	0.01
-0.057891706083463806	0.01036789297658863
-0.05680719211660367	0.010735785953177257
-0.057008083063965966	0.011103678929765886
-0.05677151101320575	0.011471571906354516
-0.05720987768436488	0.011839464882943143
-0.05651600516406291	0.012207357859531772
-0.05850215392325929	0.012575250836120402
-0.058477508807310036	0.01294314381270903
-0.05850157443564387	0.013311036789297659
-0.06012846544349687	0.013678929765886288
-0.06016584588749406	0.014046822742474915
-0.06043834421121107	0.014414715719063545
-0.05618541322334016	0.014782608695652174
-0.03085538571197829	0.015150501672240801
0.054581998864610334	0.015518394648829432
-0.05986210201330056	0.01588628762541806
0.05338512775083787	0.016254180602006688
0.06250864396008257	0.01662207357859532
0.061861253938676405	0.016989966555183946
-0.0593270928137286	0.017357859531772574
-0.05932718252235645	0.017725752508361205
-0.05920269939437953	0.018093645484949832
-0.05988860055890598	0.01846153846153846
0.06017255878257324	0.01882943143812709
0.0594959186625085	0.01919732441471572
0.06406690616610544	0.019565217391304346
0.05371874917326319	0.019933110367892977
0.058359525597038955	0.020301003344481604
0.054680280831684774	0.020668896321070232
0.05399817448598204	0.021036789297658863
0.054908456264092124	0.02140468227424749
0.06168456372453729	0.021772575250836118
0.05972347255496324	0.02214046822742475
0.06516587678076957	0.022508361204013377
0.06532911804502761	0.022876254180602004
0.06613424010037317	0.023244147157190635
0.06321641993382779	0.023612040133779263
0.0637883832184072	0.02397993311036789
0.06217965272792414	0.02434782608695652
0.06719281916733952	0.024715719063545152
0.06690200506390447	0.025083612040133776
0.06748415008628482	0.025451505016722407
0.07722846191139518	0.02581939799331104
0.06944949888569013	0.026187290969899663
0.07029286375963686	0.026555183946488294
0.07100650436007977	0.026923076923076925
0.06801616508255018	0.02729096989966555
0.07406167099015415	0.02765886287625418
0.06993319034339487	0.02802675585284281
0.07164967025393247	0.028394648829431435
0.0691855796495974	0.028762541806020066
0.07364226578497884	0.029130434782608697
0.06812211911888419	0.02949832775919732
0.07134183251062035	0.029866220735785952
0.07414075265401603	0.030234113712374583
0.07656802186505494	0.030602006688963207
0.0707555367680788	0.030969899665551838
0.07166149407388267	0.03133779264214047
0.07001236549341677	0.03170568561872909
0.06630928460818841	0.032073578595317724
0.07653125473061204	0.032441471571906355
0.07587174247713387	0.03280936454849498
0.07612927449630202	0.03317725752508361
0.07637998331101237	0.03354515050167224
0.07678111965531109	0.033913043478260865
0.07426245822334288	0.034280936454849496
0.07400920868614316	0.03464882943143813
0.08022055628472566	0.03501672240802675
0.07411766671338677	0.03538461538461538
0.07628494828702509	0.03575250836120401
0.07864577283845842	0.03612040133779264
0.07945377587103844	0.03648829431438127
0.07350994950854779	0.0368561872909699
0.07839892810904979	0.037224080267558524
0.0803847954584807	0.037591973244147155
0.07976606392996012	0.037959866220735786
0.08465273401463032	0.03832775919732441
0.08003943115235865	0.03869565217391304
0.07570153524862229	0.03906354515050167
0.07762868404151499	0.0394314381270903
0.07967422168464958	0.03979933110367893
0.07581263287687302	0.04016722408026756
0.07940664104880392	0.04053511705685619
0.076603325183928	0.04090301003344481
0.07665473013879358	0.041270903010033444
0.07905426860550047	0.041638795986622075
0.07891147405603527	0.0420066889632107
0.08129723851332067	0.04237458193979933
0.0783922497997582	0.04274247491638796
0.07945965253511071	0.043110367892976585
0.0821448039612323	0.043478260869565216
0.08036786842854321	0.04384615384615385
0.07821591333249209	0.04421404682274247
0.07702312394739687	0.0445819397993311
0.07868737144158783	0.04494983277591973
0.0722998220729232	0.04531772575250836
0.0753589042531848	0.04568561872909699
0.0771463746088147	0.04605351170568562
0.0796210315799862	0.04642140468227425
0.08448891751231255	0.046789297658862875
0.06856019073860348	0.047157190635451506
0.07751716924594342	0.04752508361204014
0.07552756510438025	0.04789297658862876
0.07947959643551705	0.04826086956521739
0.07359949432408178	0.04862876254180602
0.0798036815202385	0.04899665551839465
0.07678093706952034	0.04936454849498328
0.07927572209151088	0.04973244147157191
0.07507077915357054	0.05010033444816053
0.07662613287331163	0.050468227424749164
0.08142163593085111	0.050836120401337795
0.08291044228473304	0.05120401337792642
0.07858972126381097	0.05157190635451505
0.07986146303588151	0.05193979933110368
0.08125178021141888	0.052307692307692305
0.0808818021392971	0.052675585284280936
0.08477202120931446	0.05304347826086957
0.07312982877479492	0.05341137123745819
0.08015527310544253	0.05377926421404682
0.07757519218833742	0.05414715719063545
0.0772992904739976	0.05451505016722408
0.07608386955918371	0.05488294314381271
0.0776229807152003	0.05525083612040134
0.07927274279990792	0.05561872909698996
0.08367749365741015	0.055986622073578594
0.08073731402629615	0.056354515050167225
0.08558238531225919	0.05672240802675585
0.07637714120322465	0.05709030100334448
0.07540867834115025	0.05745819397993311
0.08345538294637204	0.057826086956521736
0.07380906124362349	0.05819397993311037
0.08264125087061523	0.058561872909699
0.07777982107126712	0.05892976588628762
0.052740940894572055	0.05929765886287625
0.07843011747808754	0.059665551839464884
0.08051529979096353	0.06003344481605351
0.07866151751713456	0.06040133779264214
0.07652415551008285	0.06076923076923077
0.08357637574659288	0.061137123745819394
0.07980997272530198	0.061505016722408025
0.08155115086348355	0.061872909698996656
0.08336724689924718	0.06224080267558528
0.08400610483014584	0.0626086956521739
0.08099654438668488	0.06297658862876254
0.07977507777275145	0.06334448160535117
0.08732445810684562	0.06371237458193979
0.07783453626321257	0.06408026755852843
0.08312500816532972	0.06444816053511705
0.08188288697735964	0.06481605351170568
0.08271350122751296	0.06518394648829431
0.08225474851900338	0.06555183946488294
0.0867328604193926	0.06591973244147156
0.08770941165038945	0.0662876254180602
0.08662308159978689	0.06665551839464882
0.08759211068736018	0.06702341137123745
0.08023141076551378	0.06739130434782609
0.07872821000167726	0.06775919732441471
0.08076757252910732	0.06812709030100333
0.08352285349504648	0.06849498327759197
0.08855592768402398	0.0688628762541806
0.08834624264152346	0.06923076923076922
0.08344160505333544	0.06959866220735786
0.07602492237226664	0.06996655518394648
0.08282323400253058	0.0703344481605351
0.07832666001045704	0.07070234113712374
0.08675014013187587	0.07107023411371237
0.07793748360821603	0.07143812709030099
0.08967100478471816	0.07180602006688963
0.08608195434087515	0.07217391304347825
0.08308418961004914	0.07254180602006688
0.08384369685077668	0.0729096989966555
0.09027405762808026	0.07327759197324414
0.08999020782993734	0.07364548494983277
0.08658281759122016	0.07401337792642139
0.08278889192031325	0.07438127090301003
0.08140828682804109	0.07474916387959865
0.08356440711529553	0.07511705685618728
0.08143405450271071	0.07548494983277591
0.08433755950765313	0.07585284280936454
0.09162880555489661	0.07622073578595316
0.08474478072249889	0.0765886287625418
0.08260296982476115	0.07695652173913042
0.09285737535679343	0.07732441471571905
0.08217998593808709	0.07769230769230769
0.07702495956538577	0.07806020066889631
0.08649784831093255	0.07842809364548493
0.07708951943443132	0.07879598662207357
0.08530258721435072	0.0791638795986622
0.08986681470410526	0.07953177257525082
0.08587278528833389	0.07989966555183946
0.08567870081165432	0.08026755852842808
0.07630137977985996	0.0806354515050167
0.08941853713938594	0.08100334448160534
0.07914591627889872	0.08137123745819397
0.09042382164621354	0.0817391304347826
0.0886431427835077	0.08210702341137123
0.09513677145117523	0.08247491638795985
0.0859792683715522	0.08284280936454849
0.0848743002372384	0.08321070234113712
0.09180277572707835	0.08357859531772574
0.08562908726507425	0.08394648829431438
0.08691519564712047	0.084314381270903
0.0767863727500194	0.08468227424749163
0.08762373217144609	0.08505016722408026
0.09554826282659173	0.08541806020066889
0.08452867849493029	0.08578595317725751
0.08759551446647942	0.08615384615384615
0.09058355157957972	0.08652173913043477
0.08648972311751546	0.0868896321070234
0.08759565310315788	0.08725752508361204
0.09950365334512293	0.08762541806020066
0.09677445825883746	0.08799331103678928
0.0882079346174896	0.08836120401337792
0.08899172395230831	0.08872909698996655
0.08362149287709594	0.08909698996655517
0.08889901049198212	0.08946488294314381
0.08640213918635248	0.08983277591973243
0.08949887547405064	0.09020066889632106
0.08454528045414582	0.0905685618729097
0.08593540841475159	0.09093645484949832
0.08665401718911575	0.09130434782608694
0.08908240918764473	0.09167224080267558
0.08726332234913112	0.0920401337792642
0.0870870595587939	0.09240802675585283
0.08560650837370751	0.09277591973244147
0.09752055654996634	0.09314381270903009
0.09525568059408665	0.09351170568561872
0.08893227139250937	0.09387959866220735
0.09602766404622794	0.09424749163879598
0.09079335564510527	0.0946153846153846
0.09876559810476003	0.09498327759197324
0.09421241533705593	0.09535117056856186
0.08997691818276049	0.09571906354515049
0.09415024081008139	0.09608695652173913
0.08920619816282391	0.09645484949832775
0.10355774018676578	0.09682274247491637
0.09191189857894183	0.09719063545150501
0.09800821196050943	0.09755852842809364
0.11168518900634347	0.09792642140468226
0.09920076916688682	0.0982943143812709
0.10114557740041616	0.09866220735785952
0.10309185534478721	0.09903010033444815
0.09651758698509634	0.09939799331103678
0.09053969810479882	0.09976588628762541
0.09918087276393173	0.10013377926421403
0.1016743851056844	0.10050167224080267
0.10110256775976717	0.1008695652173913
0.0980230763158351	0.10123745819397992
0.11160004798085987	0.10160535117056856
0.09721151234345136	0.10197324414715718
-1.0	0.1023411371237458
0.11263422465646267	0.10270903010033444
0.11096790993349254	0.10307692307692307
-1.0	0.10344481605351169
0.10050714473934472	0.10381270903010033
-1.0	0.10418060200668895
0.11017378012412789	0.10454849498327758
0.1125140511034578	0.10491638795986621
0.10051973455348609	0.10528428093645484
-1.0	0.10565217391304346
0.10698123387755454	0.1060200668896321
0.10519045267017185	0.10638795986622072
-1.0	0.10675585284280935
-1.0	0.10712374581939799
0.10724286892214416	0.10749163879598661
0.10813952491381762	0.10785953177257523
-1.0	0.10822742474916387
0.11211369368942081	0.1085953177257525
-1.0	0.10896321070234112
0.11001869368129968	0.10933110367892976
0.10352636063234508	0.10969899665551838
-1.0	0.110066889632107
0.10892315060594679	0.11043478260869564
-1.0	0.11080267558528427
-1.0	0.11117056856187289
-1.0	0.11153846153846153
-1.0	0.11190635451505015
-1.0	0.11227424749163878
-1.0	0.11264214046822742
-1.0	0.11301003344481604
-1.0	0.11337792642140467
-1.0	0.1137458193979933
-1.0	0.11411371237458193
-1.0	0.11448160535117055
-1.0	0.11484949832775919
-1.0	0.11521739130434781
-1.0	0.11558528428093644
-1.0	0.11595317725752508
-1.0	0.1163210702341137
-1.0	0.11668896321070232
-1.0	0.11705685618729096
-1.0	0.11742474916387959
-1.0	0.11779264214046821
-1.0	0.11816053511705685
-1.0	0.11852842809364547
-1.0	0.1188963210702341
-1.0	0.11926421404682273
-1.0	0.11963210702341136
-1.0	0.12
